1.76673072697228e-37 0.999999999999938 4.82119002480324e-17 6.07480142414701e-14 1.6106478743689e-15
1 4.45509962558067e-50 4.17655623981819e-53 4.64804336962342e-51 1.00106153468602e-52
3.4981346106042e-41 3.25863369107074e-13 0.693240046230028 0.000204061764499026 0.306555892005147
1.41481215086766e-40 1.30365110785968e-15 0.68516054348651 2.04675231527285e-05 0.314818988990336
1.53902171970472e-29 8.32119320368869e-09 0.000207935283360738 0.923338142762412 0.0764539136330341
1 8.74982889987248e-39 4.53638258622764e-43 8.3548636713404e-40 1.00003785213776e-41
1 2.32933255514661e-49 6.59212075890808e-53 7.12635944255013e-51 1.35705660428278e-52
6.57461510395495e-39 0.999999999999657 1.57904764830822e-16 2.99211018014657e-13 4.32336771369004e-14
7.61011519591342e-36 2.99197091556457e-17 0.000356311337626839 0.778222656782708 0.221421031879665
1 2.31754901651478e-33 7.03181860847328e-38 7.22799298632549e-36 2.58121305806064e-37
2.85129904766468e-31 4.25202331727309e-12 8.97981214993031e-05 0.968256369831634 0.0316538320426148
4.30788506452479e-35 3.88514832716073e-05 0.0001737412084398 0.887048542381781 0.112738864926507
4.46701596430101e-37 0.999999999999299 2.21752604832405e-16 6.61602346305496e-13 3.85643822112336e-14
1.16007960680423e-43 4.23490473830176e-18 0.738837905671816 0.000121606743646029 0.261040487584538
3.5821894663797e-40 6.10582271626782e-06 0.000228040069482936 0.890011266919496 0.109754587188305
1 2.22175931835073e-30 3.18175319704466e-35 2.30992418456511e-32 4.41284216504313e-34
4.20532193152359e-37 5.46359544588998e-15 0.860767104686425 2.34356431454187e-05 0.139209459670424
1 3.4515545373306e-36 1.47746687937621e-42 1.7164060097247e-38 3.61200849315287e-41
6.2639316574869e-33 2.65791674330254e-12 0.000359069269287388 0.858847227885988 0.140793702842067
3.47250271320346e-44 3.57180914607265e-14 5.39862464493382e-05 0.810151495474036 0.189794518279479
1 6.33948011337985e-28 1.52178001111591e-33 5.88740456673758e-30 6.07258468909671e-32
1.97786406413348e-35 1.39134078363023e-07 0.000163647431685682 0.932977557529416 0.0668586559048202
4.53098080958753e-30 8.37348844922857e-12 0.644475973533353 0.00151497302465928 0.354009053433614
7.29112311954137e-43 1.91313862370271e-11 0.692139637399815 0.000371481590932811 0.307488880990121
1.24776650666279e-37 7.85357133636343e-13 0.45143430063318 0.000212364311024048 0.548353335055011
3.16027103570695e-33 0.0449975280132298 0.0126840825527057 0.739117207901872 0.203201181532193
7.91806275182032e-32 0.999999999999661 1.38853636370041e-16 3.24267618004209e-13 1.47784001886032e-14
1 2.58212271935997e-45 1.63335455553746e-50 9.1095896518496e-47 6.7323567792899e-49
3.29733518026676e-32 8.09610486233571e-14 0.813510747752006 0.000139726859558932 0.186349525388354
3.10355862811029e-44 6.21977526690879e-12 0.685314020690233 1.86674671646024e-05 0.314667311836382
3.73780039897714e-36 0.999999232585184 8.43478540579522e-10 7.14209403016297e-07 5.23619341630703e-08
6.86139634809159e-38 0.999999999999939 5.76748331274212e-17 5.69716362707847e-14 3.44848348264965e-15
1 1.96632901594365e-43 1.45902235211484e-42 2.19527337573957e-39 3.54968112603696e-41
5.47205204115975e-43 0.999999999999965 6.93186495278323e-18 3.36412064363992e-14 1.18259974775604e-15
1.1274664639673e-39 0.999999995295764 7.18612149025223e-12 2.91636268301998e-09 1.78068695961136e-09
2.09432912859417e-35 1.9594745696554e-11 0.894677024702965 0.000158165122927294 0.105164810154513
1 5.72630290819619e-29 1.34360933605873e-29 8.00614780727767e-28 1.00495752776291e-28
1 3.85543620467719e-43 7.54328020193808e-45 6.42252550912679e-42 5.50369078401442e-44
2.1973515409683e-43 6.11409219419607e-11 0.000961886392514618 0.646934968348212 0.352103145198133
1.18723397617826e-45 0.999974974187779 1.2038730970158e-08 2.15232632986187e-05 3.49051019164244e-06
2.20198081834128e-33 0.308256137301247 0.000528664161319868 0.612893687708087 0.0783215108293458
1 1.64336200622418e-31 9.52274248593793e-33 7.47213724771745e-30 4.38025183677463e-31
1.21970847533248e-45 0.999999999999966 1.36441976232551e-16 2.7781526650078e-14 6.18293253212982e-15
4.07376754866443e-38 1.25211702458329e-15 0.898964190373039 2.97667907049714e-05 0.101006042836255
8.46706561652655e-53 5.06088916285644e-13 0.680282232709385 0.000204442243879472 0.31951332504623
7.53814370256989e-39 0.999999999997132 1.08050833658069e-15 2.77490190515274e-12 9.1749901497357e-14
6.65820872398552e-40 0.999999999758419 8.46065186612273e-14 2.13416943282347e-10 2.80796784984074e-11
1.89829457590469e-40 5.2597472648162e-13 0.87050259211065 5.3730884789301e-05 0.129443677004034
1.28866126535024e-41 3.84418325510335e-15 0.946609819246349 3.96112932018652e-05 0.0533505694604454
4.6748422659859e-34 1.84090160397972e-15 0.898734245902465 2.45915092295019e-05 0.101241162588304
5.65653961442251e-41 8.96773240392103e-16 0.626058631248207 6.94971328955801e-05 0.373871871618897
3.83417194286628e-47 0.999999999999464 4.50870815068767e-17 5.22263678807739e-13 1.38925080567499e-14
1.53681397301737e-46 0.999999998737257 3.68642503383631e-13 1.04523552762727e-09 2.17139166201021e-10
3.90735726014441e-41 0.999999991388897 1.06653818797316e-11 8.02885731251684e-09 5.71580073695555e-10
4.8026685681504e-40 1.87776648655103e-13 0.51846756269736 0.000574616406171722 0.480957820896281
1 2.72594956935646e-43 1.56927730285711e-44 1.74712929986198e-41 2.67576685870941e-43
1.10866811828017e-35 6.93240825879495e-12 0.899514501086795 4.57732533742175e-05 0.100439725652899
6.12131859710593e-41 2.22009331635601e-13 0.92990627366469 2.65990066667593e-05 0.0700671273284214
2.60279480606573e-52 6.79738841120785e-10 0.801718789899967 0.000184443732450665 0.198096765687843
1 2.7982129028939e-43 1.11698121419739e-47 4.35620303726747e-45 5.63290461986137e-47
3.01396947794688e-41 3.76265441451242e-12 0.82117498529251 5.43180354786618e-05 0.178770696668248
5.25833618331867e-35 0.999999999692258 2.55172519934206e-13 2.81957838926964e-10 2.55290414624177e-11
1.76529422263131e-34 0.999999999999952 4.50380245049008e-17 4.68181832856658e-14 1.60224933446788e-15
1.39787052546401e-36 0.999999999534991 2.97268652783381e-13 4.26610438788754e-10 3.81010845612078e-11
1 2.46736988228804e-48 1.56503895361656e-48 1.51421701159361e-45 1.87110305118868e-47
1.92802637899745e-37 7.46824978005153e-09 0.773428448706162 4.43248510761707e-05 0.226527218974512
2.90171105612003e-42 0.999999999999354 2.42784038661732e-16 6.06287284007887e-13 3.93322145058345e-14
2.12391336082229e-42 1.13942118323954e-16 0.378711282730587 0.0020664982481862 0.619222219021227
3.3021100043953e-35 0.999999968785453 6.68527423798736e-11 2.55640657618836e-08 5.58362832418006e-09
1 2.45050152571839e-50 1.99961978823293e-50 1.72909065475549e-46 5.14860796776025e-49
1 2.12166255303894e-40 5.76321850403615e-45 3.46937775130646e-41 3.45455813743633e-43
8.54624881247302e-45 6.98688969766384e-17 0.608356632210541 0.000130689694368985 0.391512678095089
5.33049820885678e-47 1.05340462508085e-14 0.397641640009466 0.000550064154121835 0.601808295836402
1.61926614867854e-44 1.30814222086442e-13 0.851181976861458 3.23713048540685e-05 0.148785651833557
1 8.9335723740404e-36 1.73027377282193e-33 1.1827194862026e-30 3.14868943392087e-32
1.52894862209864e-46 0.999999999999998 1.18236257438547e-19 1.62187346294369e-15 3.64482490487623e-17
1.02769848427027e-35 0.999999900930714 8.87962206866034e-11 8.66227692082474e-08 1.23577202562925e-08
2.46841506195948e-44 4.1152397758817e-12 0.782296434345212 3.95272314938457e-05 0.217664038419179
1 1.49858495929342e-42 8.64811342524337e-45 1.09211661385161e-40 1.49953753203841e-42
5.06593776647658e-46 0.000149628088008936 0.000379254534951088 0.895210113440286 0.104261003936754
1 3.96389741126964e-37 2.96818586538342e-37 1.01600255884468e-33 6.54255218884208e-36
5.06032584277069e-31 4.02821899912998e-13 0.475470254715045 0.00235304981805041 0.522176695466502
1.80657368668279e-32 7.73792230179092e-12 0.00142916925519483 0.532641391676579 0.465929439060489
2.84793987590773e-45 0.999999999999986 9.61875325150367e-19 1.41973967556314e-14 1.60957322601796e-16
1.27892065827784e-45 6.96714382342602e-06 0.000207624539705991 0.781794325892555 0.217991082423915
1.7677863108895e-33 6.76713420271233e-07 5.27203884482849e-05 0.950730077146648 0.0492165257514838
1 7.68365563274797e-41 7.22774503043524e-44 4.8559413466037e-41 1.70234951323216e-43
3.26034463543352e-24 0.999999999999999 6.62621552556251e-17 6.81804641271511e-16 3.07314752374298e-16
1 3.67338126281309e-44 1.41854378223899e-47 1.86792022978422e-43 5.59747340715154e-46
5.23756641043096e-37 0.999999999914745 7.68571040004498e-15 8.41381079429158e-11 1.10915713290201e-12
8.89821380293172e-26 8.53028055209001e-11 0.532891216104269 0.00608624627885168 0.461022537531576
1 8.53620292088121e-32 8.95178566041511e-36 4.61311127219851e-33 1.06977825462647e-34
1 8.73304210953824e-28 1.43793222286771e-32 3.59680380249865e-29 4.26662623530344e-31
4.48122169827051e-31 8.15260253249748e-12 0.000892844630439172 0.291828682690062 0.707278472671346
1 9.90078864398217e-39 7.67007339570636e-37 6.22008883826174e-34 5.50605191996332e-36
4.08548846107664e-38 0.999999999999982 2.10537217229337e-17 1.73662413062646e-14 8.53816810670482e-16
2.48989784503196e-38 2.58133440552383e-16 0.0002105699819922 0.574967008683369 0.424822421334639
1.90616375569029e-28 0.999999999972628 3.14642009564956e-14 2.37304880604011e-11 3.60944936971191e-12
7.32158847195183e-43 3.45081272779901e-12 0.000240117272086606 0.76115771541678 0.238602167307682
1 6.42176867233524e-38 4.82816075571078e-43 2.73608584811529e-40 1.66392152230493e-42
5.75417407545231e-36 0.999999999998305 1.3990531901692e-15 1.52664102549283e-12 1.67484157139199e-13
4.57586195429335e-38 4.2172003875502e-17 0.647555578608443 0.000148476985945731 0.352295944405611
1 7.90909269974404e-41 2.3106427063248e-42 8.05847914328384e-39 2.06091929387906e-41
1.24219390091064e-32 4.54499701502135e-15 0.000860098378391352 0.781601092957746 0.217538808663858
4.02929246276935e-45 3.7788176023051e-12 0.000127659373271832 0.827353152770565 0.172519187852385
7.8218035585621e-38 1.6932978426991e-11 0.514007061568004 0.000408346886261868 0.485584591528801
9.32993154573512e-43 1.11590174634965e-12 0.591444625326818 3.59080678862409e-05 0.40851946660418
3.49299632223995e-26 0.999999999873942 6.7984747760705e-15 1.24715542767294e-10 1.33588967214081e-12
8.11541940699236e-41 2.02750113695217e-10 0.000307477926546115 0.88760004059672 0.112092481273984
1 2.47561034847785e-49 3.03060140325672e-51 3.94922425147144e-49 7.80796906471234e-51
6.79789641171382e-40 1.43973154914703e-16 0.854952911737279 6.06615500926268e-05 0.144986426712628
1.32038093120271e-44 0.999999999979666 9.72971604892222e-14 1.60949153042124e-11 4.14176218873102e-12
2.58883213116313e-38 1.76295671103858e-09 0.00204149995377539 0.35430733144784 0.643651166835427
1 7.457471330045e-25 2.3236707068105e-31 4.92562845951087e-29 2.33366126707165e-30
2.72211154177689e-36 0.999999999999998 1.86436892813032e-20 1.82004715074969e-15 7.57091214114609e-18
5.75108891719915e-39 7.61588272421709e-13 0.470563805277561 0.000305162004768534 0.529131032716909
1.94604493055725e-36 1.22299727596333e-07 0.78941713376234 0.000181822537572209 0.21040092140036
3.81248196546883e-49 5.20540541560834e-09 0.912893178809786 6.21957591932593e-05 0.0870446202256155
1.09732048304612e-53 1.78409844038964e-14 0.505416081462796 3.5169275801183e-05 0.494548749261385
1 5.60975467782433e-33 3.75825776423842e-33 6.76687602329742e-30 1.44713387953309e-31
1 2.91229344011319e-38 4.74936486243371e-47 1.62664018804822e-43 4.35333649533288e-46
1.85392218181885e-41 4.23107548340224e-21 0.205715211361187 0.000878878906255739 0.793405909732558
1 8.2802019008991e-37 7.7475685701359e-41 4.22349819624815e-37 5.89418439240367e-39
2.3917631804969e-37 0.99999999987525 2.08586998987941e-13 1.11395836714768e-10 1.31461685517455e-11
1 6.30448429299272e-42 2.58347334989067e-45 1.71096120325927e-42 3.6615874567124e-44
7.76353475175867e-44 0.99999999999784 9.21083648219136e-17 1.94962443025305e-12 2.10266402922026e-13
8.98518777922302e-40 0.999999997866322 8.47180585483098e-13 2.09854014076233e-09 3.42907225323717e-11
2.23885595336045e-41 0.999999988905401 3.03946891051542e-13 1.08899023848017e-08 2.04392912949813e-10
2.06213065102109e-45 2.04913392474342e-08 4.3322237335216e-05 0.91778626257454 0.0821703946967856
1 2.99898803903356e-40 2.87191331194272e-41 8.69372165772545e-38 1.06305392121821e-39
6.52131021452342e-35 5.86280699839135e-10 9.35972348140681e-06 0.989175773442088 0.01081486624815
7.04975829299569e-54 3.67714170316952e-13 0.000199503586017154 0.733355078981497 0.266445417432118
9.73821005957774e-31 1.45124394492933e-10 0.000715445505968726 0.95409569313674 0.0451888612121673
5.29447139426861e-41 1.26775633139135e-17 0.856517937742104 1.9162061117452e-05 0.143462900196778
4.44736830667571e-46 0.999999996724559 8.35839016320753e-12 2.85530681101319e-09 4.11775726325173e-10
1 3.03524749265889e-44 8.03963739413019e-41 6.6497263403897e-38 1.50056547143215e-39
2.75827783880919e-36 0.999999941983313 2.28976044112249e-11 5.65673682586638e-08 1.42642078481251e-09
5.93938171469223e-35 0.999999981702509 6.20648007877855e-11 1.66909844048076e-08 1.54444112406048e-09
1.46256163185114e-33 0.999999993883635 2.94742864139582e-13 5.96729537383555e-09 1.48774677022343e-10
1.51490449388562e-39 0.999999999868566 3.4875032709209e-13 8.30523989719819e-11 4.80326600566824e-11
7.30378044069874e-39 0.999999999992422 6.60303747960141e-14 6.13931364587457e-12 1.37285462761712e-12
1 1.1691780006545e-40 3.66897839734087e-38 1.47295131054355e-33 3.95826751059585e-36
2.49253234692012e-45 4.43807490964151e-13 0.000291846471530662 0.804990256603685 0.194717896924341
2.02256266549792e-32 2.12613227826758e-12 0.000390389324631428 0.896572047297048 0.103037563376194
2.33318461542257e-36 6.84907612964373e-15 0.727570565613832 4.30419623183491e-05 0.272386392423843
1.4452285594141e-44 0.999999997568948 4.54794967830105e-13 2.35595760590045e-09 7.4639110753549e-11
1 3.32172840685405e-29 3.10058193932812e-32 7.73720830071285e-30 2.99067307066603e-31
4.80267398788312e-35 0.999999999981266 6.46892181236034e-15 1.75840231632119e-11 1.14378788426894e-12
4.67486074297068e-47 3.25012458078781e-14 0.797251892769437 0.000157423988756813 0.202590683241774
3.05241673985767e-35 1.0335872451135e-13 0.000305327622557305 0.920804130561845 0.0788905418154943
2.56026528684898e-45 1.11710594336518e-12 0.00107105973470795 0.570469607851696 0.428459332412479
6.05796217975348e-42 5.26278289014952e-19 0.506729873054515 0.000182528111994812 0.49308759883349
3.71466141721764e-39 0.999999997903728 6.42961623668687e-12 1.93693855716417e-09 1.52904105579644e-10
1 7.36767384943883e-42 1.06886323088151e-44 7.34083010619458e-41 9.67285731472927e-43
1 2.81191045489756e-40 2.60315245805823e-47 3.89308577643684e-44 1.15950399288312e-46
4.95065229543616e-35 4.28446556977812e-12 0.531641806212094 0.000711565492815258 0.467646628290806
1.51940197904365e-50 1.53273435370527e-12 0.00483140506011532 0.292720531800126 0.702448063138226
1 2.03128495111261e-32 6.25534183861569e-33 3.16749006356018e-31 1.30539334202762e-32
1.24666179436424e-44 8.24007990016179e-14 0.778314864159698 3.53204697426165e-05 0.221649815370477
1.06251392995376e-35 7.13226406782264e-10 0.000136034975403014 0.84781257890892 0.152051385402451
2.00713581384658e-41 0.999999999993863 1.94229605380245e-14 5.27080592628152e-12 8.46679979596606e-13
2.19254393385931e-38 0.999999999999984 2.03276765009841e-17 1.5158485046679e-14 6.43903756133344e-16
2.21401853052403e-36 8.24412130171783e-13 0.549001930353912 0.000641407053576091 0.450356662591688
5.58396094487123e-44 0.99999999996585 1.2413587185806e-13 2.85344912058098e-11 5.49192508415762e-12
1 7.80302746179011e-30 3.77354312447351e-28 1.37596093330705e-25 2.20189099877202e-27
8.94586367090805e-42 4.30460169574933e-17 0.440941659744946 0.000126053012308326 0.558932287242746
3.86407362551579e-46 0.999999999985522 2.76006056172891e-15 1.31361946018771e-11 1.3386902925479e-12
1.52304962996294e-30 5.4477246080255e-14 0.887182350906825 4.92711500206159e-05 0.1127683779431
1.53166129276263e-37 8.59873318715118e-08 0.000282189121325517 0.794644528714919 0.205073196176424
2.68560119757066e-32 0.999999999992126 1.27998258877193e-15 7.77802755557216e-12 9.49641933171043e-14
1 2.61223716018277e-47 2.39924777658393e-42 1.46367993835239e-38 1.36265160681843e-40
1 1.50897897149891e-33 2.04246464803495e-40 1.17629131515135e-37 7.85833700160383e-40
1.24591029771379e-42 4.40853235370721e-12 0.550272167947601 0.000461627460222264 0.449266204587768
1 7.35993729456287e-43 1.48059544738679e-46 1.41804113584377e-43 2.1346596897422e-45
4.39031130542122e-38 0.999999999999625 1.66955155652576e-17 3.67622635857624e-13 7.53647653026048e-15
3.36598942518551e-33 3.92008605533473e-14 1.60766677253852e-05 0.959514899833375 0.0404690234988602
2.46701304234808e-39 2.1174336228039e-06 4.46188556503261e-05 0.946137835563985 0.0538154281467417
6.68291082436098e-31 4.94973520733052e-10 0.000104162227914811 0.883137638913398 0.116758198363713
1.72821794685712e-39 9.92605583562508e-13 0.685313385092007 0.0002426395871056 0.314443975319895
1 7.52093444415081e-41 1.74277243363204e-40 1.43178098997419e-37 2.23108600425116e-39
1 2.94728230257657e-41 1.58104792720322e-39 4.5310434649508e-36 2.10121387067273e-38
1 8.20177883492497e-31 9.76713721902136e-36 4.27483110345995e-33 6.30801254028275e-35
1.04003837000441e-34 0.999999994520798 8.266431014166e-12 4.44183914147798e-09 1.02909627278404e-09
4.93302359746635e-35 0.999999999901092 1.07224631911696e-14 9.69464276361614e-11 1.95055226339046e-12
4.82643376258499e-32 2.54881820283251e-07 0.00010483242741642 0.954252625088825 0.0456422876019378
1.24314202372001e-40 7.99711724338873e-13 0.560110114320757 0.000371398735195689 0.439518486943247
1 1.34700087740174e-35 1.39074511950721e-39 1.29536071562927e-36 1.94719588367797e-38
2.60587763033432e-37 2.01365584094187e-14 0.000328914633119094 0.717910466013084 0.281760619353776
2.54154604657667e-52 2.02127125319682e-18 0.678722678114016 7.06172242975952e-05 0.321206704661687
5.6158586725972e-51 9.30594748164005e-17 0.000223891641653234 0.634310467151567 0.36546564120678
2.89588572884054e-35 1.56591985938106e-09 0.000557394254459886 0.422201411443569 0.577241192736051
1 1.57954917054197e-41 1.08901134328085e-45 4.19073147153395e-43 9.83479852824022e-45
1.66024466182107e-52 0.999999999760389 1.60978164267336e-12 1.97012661916901e-10 4.09888171429068e-11
1 1.71212639901349e-37 5.57762135014578e-42 8.26555686599683e-39 1.72985703318563e-40
1.18133413979243e-42 0.999999999999992 1.59791704456325e-17 7.26146392682072e-15 5.51985630275179e-16
6.9279297031483e-45 1.05364775668607e-12 0.00317177975831758 0.468166576746462 0.528661643494167
1 2.68121682700935e-34 4.23481743980208e-37 2.75138583900917e-33 2.38098250776944e-35
3.18113238366624e-42 0.999999288252566 3.61852823063111e-11 6.96467913746867e-07 1.52433346516662e-08
3.45103339267453e-46 1.85030256451064e-12 1.25127257307508e-05 0.954004380662529 0.0459831066098895
1 2.19319162902803e-39 1.03666250640913e-42 8.90947605626407e-39 6.87426517030602e-41
1 2.17278183911534e-37 3.01124775556682e-40 2.65999269066924e-38 1.11909156231301e-39
1.55914744015897e-40 7.18032480918619e-13 0.762682889439519 3.44323588523333e-05 0.237282678200911
1.01139987635602e-40 0.99999999999999 3.08729236605279e-17 7.71101659407833e-15 1.95766212831173e-15
1.0058127837077e-48 2.79915254507963e-17 0.363566270095677 4.54835338606435e-05 0.636388246370462
1 1.04634594888813e-46 1.15810473137242e-50 1.97352712004738e-47 2.91757478304515e-49
2.27941004823582e-40 1.11532628908906e-19 0.400464710123965 0.00109429582043993 0.598440994055595
1 6.87363559107441e-43 1.96834340571618e-44 1.1934373664497e-40 1.17148621811031e-42
4.95232711664715e-42 4.00640892437928e-12 4.92309544796426e-05 0.874739236877615 0.125211532163899
5.01569266377964e-42 0.999999999992939 2.96713554552401e-15 6.90785107706707e-12 1.49877887220228e-13
5.16236340765228e-47 2.33139032765558e-14 0.593415376213167 0.000135243278213259 0.406449380508596
1 3.44501959454287e-38 1.62276230256225e-40 9.28408669587409e-39 1.0044193003253e-39
1.26910899379345e-48 1.12760839348791e-14 0.319562396672331 0.000547600790014972 0.679890002537643
1 1.34217037244087e-37 8.1334866123876e-35 9.32639484845843e-32 1.56397765321835e-33
1.73751826248279e-30 4.06650991053563e-10 2.5347753598517e-05 0.980835795249328 0.0191388565904224
1 3.76467696119365e-36 2.15402510106133e-42 8.22801357506579e-39 3.20410714260438e-41
4.91385705150016e-37 0.999999999989342 5.7994622440848e-15 1.02893401890197e-11 3.62745089253658e-13
1 3.34040780721164e-42 7.095236044198e-46 2.16701408355229e-41 3.03966433161471e-44
4.23791169717098e-53 1.44027445746255e-15 0.740056646579164 2.80588555134153e-05 0.259915294565321
4.46444511016014e-43 0.999999999976209 1.02066323042129e-15 2.2285530770324e-11 1.50397654592752e-12
1.16607159380102e-34 0.999999999090135 1.42261495940597e-12 7.69097279613506e-10 1.3934546493874e-10
1 1.43171970663412e-39 3.06508143848744e-42 2.46511759962889e-39 6.286468998466e-41
3.66244716376481e-45 0.999999990032231 6.46778759627164e-13 9.39905517626089e-09 5.68067025399474e-10
6.31053260865508e-40 0.99999999999999 4.05357163012247e-17 9.28791290411572e-15 9.35241626559827e-16
1 3.60968264387291e-35 1.09811219532184e-38 4.05558084719805e-36 1.68685333044047e-37
5.39475154557195e-32 0.999999895988042 9.43642036827256e-10 7.5327008448916e-08 2.77413077047185e-08
2.20744753556118e-39 0.999999995115924 2.26980580981942e-12 4.54493095225113e-09 3.36875037722431e-10
1 6.67214631818059e-40 3.74778938241563e-44 1.45890753239893e-40 1.43616462235938e-42
4.81213487075762e-46 3.5029133743005e-14 0.00073551958081441 0.775948526764769 0.223315953654382
1 6.42279545535082e-42 3.16664022645574e-41 8.8122419109392e-38 3.18037493207981e-40
5.88066609274775e-41 9.95052660314218e-11 0.614087750591892 5.00361292879951e-05 0.385862213179314
4.45404122636986e-49 0.999999997471661 2.29698789704967e-14 2.51211904182557e-09 1.61971464527662e-11
2.19326594745661e-39 9.88553970851838e-19 0.767615213425611 2.90564084135199e-05 0.232355730165975
2.73854053001893e-44 7.5095817655532e-15 0.755975712306974 0.000139948028465963 0.243884339664553
1 1.44437070876079e-44 1.43794283739399e-43 6.3099518034341e-41 2.66437353246351e-42
5.06874789896956e-46 0.999999999999974 7.42726917450765e-17 2.24358485408463e-14 3.63519794288517e-15
1 4.53326967153782e-47 2.07888938716672e-44 1.75040026830455e-41 2.36661112363679e-43
1 1.97461146699821e-43 7.96751964956744e-41 1.68281685071363e-37 2.40987209436076e-39
4.70504963706048e-38 0.999999999592331 5.66574908363871e-14 3.90577596108044e-10 1.70343813616638e-11
8.19129515465911e-35 0.999999993591873 2.95842608806039e-12 5.6971491005395e-09 7.08019652803238e-10
9.42084327968519e-39 0.999999999999985 1.36970090753836e-18 1.46932124143743e-14 2.1343965405075e-16
9.98666035584536e-47 6.29139083227334e-22 0.844339479176143 8.18627555282482e-06 0.155652334548304
6.2048318637076e-38 5.70187877842958e-09 9.06226474627089e-05 0.958703553159352 0.0412058184913066
4.90648003292096e-43 0.99999962599596 3.96838693002524e-09 3.11717977874876e-07 5.83176751471901e-08
1 2.34988539283218e-43 3.83037569770969e-43 5.03038472404255e-41 2.53304669481196e-42
1 2.04575556166846e-43 1.33190467749342e-46 7.11150031260157e-44 2.76488346738428e-45
1.81230628453826e-35 2.70362285505732e-12 3.78438769457996e-05 0.970505776550569 0.0294563795697818
9.24421354011477e-51 4.32018495440989e-11 0.000192486704077834 0.795460690255953 0.204346822996767
2.26352039959498e-48 1.79954123206061e-20 0.776521006669386 9.61445127155241e-05 0.223382848817899
1.60929301880551e-35 0.99999999998755 1.9598723918735e-15 1.22977441306615e-11 1.50306265822161e-13
3.40638459866755e-38 7.92620342089776e-18 4.08334060373616e-06 0.988380017968386 0.01161589869101
8.16250845718842e-35 0.999999999992672 8.05531597973056e-15 6.52429419627882e-12 7.95420087139019e-13
4.03149464243108e-38 7.17216987679937e-19 0.887184587102539 7.01054711391951e-05 0.112745307426322
1 9.68793085979186e-42 9.60266628824398e-45 2.39159542587623e-40 1.17047312576893e-42
1 8.2175359319896e-44 2.29115490311843e-48 3.21789543201762e-45 1.77595050943944e-47
3.85057469242811e-34 0.000183122553199426 0.000262490749793688 0.91857692194883 0.0809774647481767
6.15206197909816e-41 0.999999999997714 7.38071307043082e-16 2.18205779581633e-12 1.03216914568185e-13
1.01485083922956e-38 7.42068153288749e-16 0.883066948237238 0.000191620403865516 0.116741431358896
1.07776861688137e-37 1 1.89228044687687e-20 6.87470345757781e-17 1.22969902676452e-18
1.22629231269913e-44 0.999999999999861 3.11923844101572e-16 1.27153885758199e-13 1.18154629270662e-14
1 2.1883604514755e-36 6.44479630913853e-39 1.74837789448552e-35 1.13276696231029e-37
3.50055373240895e-33 0.0013826665939831 0.00106556565077413 0.60053222113421 0.397019546621033
2.07546854752011e-47 0.999999999999857 7.6237812838884e-15 1.02541284652173e-13 3.29139792635356e-14
1 2.40163630912921e-43 4.37947387350106e-46 1.28711117609226e-43 1.86372531858967e-45
1.20055945921118e-47 1.14403084807439e-10 0.409952528852733 0.000253250600871994 0.589794220431992
3.35133156265782e-42 6.44522604027858e-12 0.00310400081424619 0.286331308272991 0.710564690906318
1.77922690941813e-40 1.79173969429303e-10 0.000410691576560987 0.827348709415351 0.172240598828914
1 7.83566665255899e-49 5.01046883508856e-48 2.37218356781168e-45 3.07891912429897e-47
1.07668374533625e-44 0.99999999999962 9.80420453380233e-16 3.36442298874384e-13 4.3074586032395e-14
1 3.57720511460043e-36 1.41474691415237e-41 1.71373928714821e-39 1.70422817186206e-40
1 6.4961006368669e-36 5.57022985553746e-40 7.25113798963679e-37 5.66894656484004e-39
2.51686789953001e-50 9.61614498693168e-15 0.944731871973332 9.0555836708134e-06 0.0552590724429875
2.42140061254988e-35 0.999999998518103 8.23059003060106e-13 1.42049877006782e-09 6.0575415828196e-11
5.53018762771899e-44 3.00490822401176e-19 0.771296559269266 1.96410354707763e-05 0.228683799695263
1.88963046455944e-37 8.66994031814578e-15 7.6269159214607e-05 0.953563222968822 0.0463605078719543
2.58460197578269e-38 3.17801753597357e-11 7.51642273705027e-05 0.952395034455642 0.0475298012852069
3.67922671455909e-38 4.08418524624209e-17 0.000311011842344484 0.715549237629981 0.284139750527675
2.73365728127799e-40 5.36180564503637e-15 0.831350478449957 0.000106891716798315 0.168542629833239
1.24632371873697e-36 0.999998596226153 1.63736948256221e-09 1.24369515592224e-06 1.58441322036154e-07
1 1.53604129722307e-47 3.81842414831117e-48 5.90778420010206e-45 5.70661630251756e-47
1 9.2112306646721e-29 1.52478215053336e-29 4.06069487883326e-28 9.14491416225189e-29
8.68280352149088e-33 1.60296315299465e-10 0.000301348661544559 0.911123189246884 0.0885754619312749
4.06962874870507e-35 6.79547281774538e-08 0.835573747352581 4.24844280777867e-05 0.164383700264613
5.03558920339674e-46 0.999999996785714 4.65496868309274e-12 2.76139591186709e-09 4.48235505249844e-10
1.29305528222734e-47 1.16538127020733e-13 0.481750062641467 0.000158397979652282 0.518091539378764
1 3.09255635833258e-34 4.94881643021724e-36 4.36513232208936e-33 7.68924620824266e-35
1.00436024543262e-44 1.17430462473303e-14 0.762958267546323 1.88511051941362e-05 0.237022881348471
6.09497402128317e-41 0.999999999937982 6.19509221207223e-13 4.74239431602726e-11 1.39749704198999e-11
9.84675567976538e-29 0.999999999999544 4.04004107460029e-16 4.28189743478741e-13 2.7759748417088e-14
4.59859128415609e-38 1.80717287697232e-06 5.28334727053132e-05 0.984941819644988 0.0150035397094294
1.14973256376042e-39 6.44043260775728e-12 0.595906857893256 0.000403088164693592 0.403690053935609
5.76195631681928e-40 5.85774452643587e-13 0.555386575704706 0.00599777185118573 0.438615652443522
1 4.35085064944288e-35 1.18028194411384e-36 6.63614063197524e-35 7.34116588099035e-36
5.93082808716818e-36 1.76370557901927e-16 0.742618869731409 0.000176060882315508 0.257205069386275
8.2076029952303e-36 5.41073088486847e-12 0.000182222499981083 0.850401389480256 0.149416388014352
1 7.52267954495899e-36 3.16176033881718e-36 1.4923790685708e-33 1.14777246106761e-35
1 1.00010177859569e-37 1.50491916262815e-39 8.75857957807915e-36 2.703464599976e-38
7.41711020289511e-43 2.58207872957412e-13 0.00183037547862872 0.587016744000342 0.411152880520771
5.88772820296238e-41 4.5454820349244e-09 5.42657627443179e-05 0.849650087148054 0.15029564254372
2.27092833794814e-34 2.43533406699444e-12 0.827316757448626 5.99097701695331e-05 0.172623332778769
1 2.53529519922201e-49 6.34376533154975e-48 2.88485507973609e-43 2.85157946902568e-46
