3.5318364652151e-36 0.999999999999837 1.99997270446406e-16 1.56362980702881e-13 6.44246885922937e-15
1 5.26810299670585e-47 6.57012188965075e-48 4.4054955526088e-46 4.09419779123995e-47
2.2577562390744e-39 2.33412762692425e-13 0.666814152711254 0.000164788966174603 0.333021058322338
9.17650677115271e-38 1.70206292030299e-15 0.700202420890062 1.72380587712528e-05 0.299780341051165
3.97538249695261e-28 2.15004122725153e-09 0.000798093850516248 0.902977841124507 0.096224062874936
1 2.74429571228455e-38 1.76926985917675e-40 7.60401614100056e-38 2.09395145060778e-39
1 8.96576297429634e-46 4.28258030551474e-47 3.0184407962057e-45 2.80212159453143e-46
4.57591193454495e-36 0.999999999999637 3.57443095560636e-16 3.14084615264733e-13 4.87846599423475e-14
4.59356103597402e-33 7.64468734498845e-17 0.000189992619535459 0.738125217848161 0.261684789532304
1 2.59592688507847e-31 6.73447060319397e-34 3.50545617954616e-32 4.23172217141767e-33
1.28786126565988e-27 1.64681285887779e-11 5.96146623027534e-05 0.966614506446079 0.0333258788751505
1.28808646690872e-32 2.04549193068147e-05 0.000607111466755852 0.878537087988459 0.120835345625479
1.60206774084559e-36 0.999999999992602 7.66071878701669e-15 6.68480691376279e-12 7.05699130146923e-13
7.86505875785433e-39 1.43614338779727e-17 0.844271675158824 9.38318568844608e-05 0.155634492984291
1.77588023968742e-39 1.95448358284446e-06 0.000359889828971092 0.835516966174415 0.164121189513031
1 4.31036812613581e-29 2.76018087904554e-32 1.04237310077626e-29 5.63843320610548e-31
2.9295136187736e-33 4.08565144669105e-14 0.751462030873729 3.85279091385964e-05 0.248499441217092
1 9.33406471928128e-36 1.23226682666926e-40 6.44538887204375e-37 3.13158595809834e-39
3.12128725646675e-29 8.44442603087934e-12 0.000316880217341414 0.857054691706059 0.142628428068155
1.77235589023423e-40 5.3480456874597e-14 0.000130534138928198 0.823794439876816 0.176075025984202
1 2.89287435967836e-28 3.37678359774849e-32 3.50724786362924e-29 6.87098053285489e-31
7.68487068192659e-32 2.38344245540583e-07 0.000296618400431241 0.935463941263681 0.0642392019916424
9.80377499662226e-24 1.96448533283987e-10 0.651208671583939 0.00219458408614421 0.346596744133468
7.56686688101324e-39 1.50390158592118e-10 0.522957181693396 0.00054867845048299 0.476494139705731
2.13024164950731e-36 3.12059676802463e-13 0.44907617769991 0.00014784063405941 0.550775981665719
1.87410952016418e-33 0.0132505309562861 0.00930211381245716 0.631023633516928 0.346423721714329
2.61243987251918e-32 0.999999999994484 5.02908497965128e-15 4.98127722036601e-12 5.2935007283727e-13
1 8.76619659685514e-43 2.80918826552698e-45 3.99351946013418e-42 1.09504930300365e-43
1.85052409376032e-29 7.05072028010437e-14 0.862532950142408 9.42291422156494e-05 0.137372820715306
1.03685706703562e-38 5.69312767264997e-11 0.744108469867401 2.06411774978391e-05 0.25587088889817
1.88582643325736e-33 0.999999458346884 7.77608071019863e-10 4.99622580590018e-07 4.1252927283701e-08
1.72252099340821e-36 0.999999999999673 1.03696126095169e-15 2.98799450469733e-13 2.68835876304543e-14
1 3.38373622503544e-41 1.28038045592099e-37 4.37414432181005e-35 2.44136362604121e-36
3.16663052286327e-40 0.999999999999984 2.90523779922628e-18 1.53771146103816e-14 6.06561543357772e-16
2.91335383369509e-37 0.999999992520677 2.31654366150887e-11 4.32088363958803e-09 3.13527432855021e-09
1.30828514097944e-31 1.38207281023916e-10 0.811397385209746 0.000259825027460191 0.188342789624587
1 6.81242551075402e-27 2.76377420370396e-25 5.96946742891643e-24 2.52449302850969e-24
1 7.21284925935042e-42 2.89127169664375e-41 6.04722979271449e-39 1.43120080617574e-40
1.47555962322223e-37 8.11902067185054e-10 0.000820917186644651 0.718874887733057 0.280304194268396
2.75388117753542e-41 0.999995846896855 2.44901594786276e-09 3.69205495081195e-06 4.58599177937674e-07
3.20460531525244e-31 0.299954675392271 0.000654259147113902 0.601355425195387 0.0980356402652279
1 3.69505273224327e-31 1.11377284674486e-30 2.95566933162496e-28 3.89443905897563e-29
1.09603663121618e-40 0.999999999999996 1.77283916383717e-17 3.02900430952104e-15 4.49952971164641e-16
7.04087354924256e-34 1.44222998697457e-14 0.801091653500566 5.64502291352573e-05 0.198851896270284
5.75967549301148e-50 5.08450246643657e-13 0.745932878186363 0.000149186943969803 0.253917934869159
2.42492148643448e-38 0.999999999979839 1.67971402092168e-14 1.89813712603898e-11 1.1626205582685e-12
9.51095716261198e-40 0.999999996022776 4.55451324869824e-12 3.15004015828438e-09 8.22629398506394e-10
8.01576854704235e-38 1.495654936202e-12 0.765125845339943 7.48612338528523e-05 0.234799293424708
3.56179046865975e-39 1.14885301659214e-14 0.883664726404665 6.30669472213887e-05 0.116272206648102
1.30660625512639e-33 1.33176078695256e-15 0.75661586330175 3.13897302017229e-05 0.243352746968047
4.29108026784891e-35 1.19039296832947e-14 0.676281215206633 8.5347022186138e-05 0.323633437771169
1.23869604635553e-43 0.99999999999974 3.71757753025893e-17 2.53807961917745e-13 6.25273311136556e-15
6.43549569372986e-45 0.999999995188831 3.64878005969564e-12 3.71269650275819e-09 1.09482360016775e-09
6.3118423969935e-40 0.999999970713893 6.60089602531226e-11 2.62643721986529e-08 2.95572590880428e-09
1.05074989879082e-34 1.0121777552187e-12 0.679707879929672 0.000530623305305352 0.31976149676401
1 2.12683403070199e-41 7.83618909006277e-40 1.5551849074223e-37 7.53539735846879e-39
1.85334189232695e-34 5.00157774391445e-12 0.843573063837928 4.5843311393988e-05 0.156381092845676
5.66585687805199e-35 6.17679961054071e-12 0.903274293774724 4.85885487721091e-05 0.0966771176703276
7.89885145181761e-46 9.99763506622326e-09 0.871976965026404 0.00019325585137947 0.127829769124581
1 2.71919927246199e-40 1.00915634339941e-42 2.73509092578474e-40 1.50204102990857e-41
3.28161453783516e-38 2.06558576166692e-11 0.614672234584579 9.16685017474568e-05 0.385236096893018
2.13163344595405e-34 0.999999995264726 1.83932935076384e-11 4.06549444500454e-09 6.5138628980903e-10
3.7526468310421e-34 0.999999999999333 2.26132541495412e-15 6.24415344505565e-13 4.07006331773374e-14
8.17330957118437e-35 0.99999999784183 5.208647922322e-12 1.91988932725353e-09 2.33072044824391e-10
1 8.19604594342452e-48 2.801117515841e-46 9.61030841125058e-44 2.78076883402854e-45
7.89336391977398e-35 9.28531879441416e-09 0.767967244366185 3.84453530800231e-05 0.231994300995416
2.03398230720082e-41 0.999999999995694 4.24937508310958e-15 3.87354242888723e-12 4.27862427047207e-13
1.46017876353515e-39 1.40971500284751e-16 0.419090476708304 0.00173319581822819 0.579176327473468
3.7727804923011e-33 0.999999924863577 3.85617435267565e-10 5.83631353359735e-08 1.63876696936495e-08
1 1.24519570601139e-48 1.8144294019921e-46 4.86313286654229e-43 4.45536834822164e-45
1 1.34937325137379e-37 6.95936412482874e-39 6.20961950883735e-36 2.40782406831036e-37
3.52754876593604e-39 1.21551739387125e-15 0.548983450621338 0.000193264391597118 0.450823284987064
8.54424403291404e-43 2.19040226574264e-14 0.586795607097954 0.000445837488496183 0.412758555413528
2.59721255199129e-41 1.98616017265833e-13 0.875079327052489 2.59861981647027e-05 0.124894686749147
1 6.13290522057065e-35 3.40561422800441e-31 1.26719037729182e-28 8.60738101234002e-30
1.33084673285745e-44 0.999999999999995 9.92967906891229e-19 4.69296352709366e-15 1.38830610679858e-16
3.2710499105257e-32 0.999999951922913 7.3872897579463e-11 4.23938187180025e-08 5.60939570342062e-09
8.46981596083819e-40 3.51417471932479e-11 0.71437927862784 5.57096051525637e-05 0.285565011731866
1 2.51069706482978e-41 4.04185981639387e-41 1.05870901206293e-37 3.95110804781911e-39
1.71455846619822e-45 4.57151811244723e-05 0.000558630335232939 0.838212564421864 0.161183090061778
1 9.78146591528144e-35 6.38490691668363e-33 1.24937343515704e-29 2.95674801121348e-31
1.86914357976377e-29 1.76993375427765e-13 0.517583650010411 0.00161237393759263 0.480803976051819
5.00937903995417e-28 5.0860103241332e-11 0.000932158953357135 0.551693216044936 0.447374624950847
1.66472641800145e-46 0.999999999999422 1.25939510443387e-16 5.60048117802618e-13 1.74778644956151e-14
7.21308019560352e-45 2.16270063813154e-06 0.000320172913999391 0.695846512835202 0.30383115155016
8.19623095940197e-29 3.05081063934366e-06 6.24489306035038e-05 0.958642954796203 0.0412915454625545
1 3.99300046128349e-40 1.51182908507897e-42 1.37900805668331e-39 1.23049256993325e-41
1.94648607889934e-22 0.999999999999998 1.26831445078759e-16 9.8623336561879e-16 6.21655388225472e-16
1 3.84493847331751e-43 6.93556435385024e-45 4.19892947991437e-41 3.33480694768253e-43
2.69395108147239e-36 0.999999999038178 3.6319802218293e-13 9.39953326291715e-10 2.15050134608596e-11
1.90668179862157e-24 3.24134796242949e-11 0.562711783024547 0.00408583452444777 0.433202382418592
1 5.11049297457648e-32 8.17081804095651e-35 2.08472290170102e-32 9.6036835553919e-34
1 3.89951103330766e-27 2.10269310787357e-30 2.49854927631029e-27 7.21116112382764e-29
2.041343165399e-24 1.19785798351197e-10 0.00199911550836405 0.413210353067015 0.584790531304835
1 1.77365102603336e-36 4.12908377535701e-33 3.05581976209235e-30 9.75149701931137e-32
1.68846782557939e-36 0.999999999999944 1.50472076922068e-16 5.23427952132032e-14 3.67458956441538e-15
8.4455841389773e-34 7.02303323202565e-16 0.000502754422924479 0.627677585490424 0.37181966008665
3.06123345905826e-26 0.999999999924014 2.78652694707738e-13 6.37544728392067e-11 1.19525895620979e-11
1.8357370290481e-39 4.76969727249923e-12 0.000499768185603513 0.765253155745802 0.234247076063825
1 1.35654409123998e-35 5.90721390369854e-38 7.38853471861067e-36 1.58230070212139e-37
9.82000807141802e-35 0.999999999985929 4.90095906786862e-14 1.20012574337084e-11 2.02019032800507e-12
8.88326159359155e-35 1.07792452993488e-16 0.600549805677367 0.000154058096778618 0.399296136225854
1 1.39305586090061e-39 2.97056834957309e-40 1.28667982014548e-36 9.45635614563906e-39
1.47738839054479e-29 1.50120710730557e-14 0.000420374219340831 0.749754935790851 0.249824689989793
9.4396186196593e-39 4.41418267433624e-11 0.000179146245724799 0.886408224903246 0.113412628806887
2.75157075577166e-34 5.90326350519604e-11 0.432279598002214 0.000447550568345439 0.567272851370408
2.63645208907705e-38 2.94619779907793e-12 0.73470182336348 2.83698012143355e-05 0.265269806832359
6.56433458610618e-24 0.999999999834105 1.55997881414944e-14 1.63713374080965e-10 2.16579121008048e-12
4.48833981649794e-37 5.14559682633053e-10 0.000377943831255186 0.890252363968729 0.109369691685456
1 4.49007752723156e-46 6.61166243884569e-46 5.85317959620359e-44 5.2327628437877e-45
1.32477484104762e-36 6.75961739513745e-16 0.745035903567516 9.07112846992336e-05 0.254873385147784
4.59418358293349e-42 0.999999999984544 8.7286266953218e-14 1.18074155919664e-11 3.56099702325927e-12
4.60997933710593e-32 2.13312719459778e-08 0.00370778722860633 0.46374168445573 0.532550506984392
1 2.83726188280078e-24 3.04635098833993e-29 2.9139835434531e-27 3.30007635789451e-28
7.5962962671287e-36 0.999999999999979 7.60219287915728e-19 2.08642243212765e-14 1.61058163340085e-16
2.24608290169371e-35 7.88245100349296e-13 0.69042282589669 0.000197333587229919 0.309379840515292
1.48274431479282e-32 3.3220750429989e-07 0.81766996274128 0.000165669068509907 0.182164035982706
1.85051730409371e-47 8.6416613584097e-09 0.811545066815984 8.766124778848e-05 0.188367263294566
3.59576751365521e-46 7.66461455249598e-13 0.599527343592975 5.24027873707863e-05 0.400420253618888
1 7.35165371749699e-32 7.09906166829837e-31 1.08387089304734e-27 6.39474964943625e-29
1 6.27304715921258e-38 6.21392763066311e-46 2.04241644172791e-42 1.25988212153563e-44
2.34110210300473e-39 1.54067474873636e-21 0.397636911386706 0.000582743488260468 0.601780345125033
1 2.32372332839637e-36 3.04929559036191e-38 3.59082439411829e-35 1.13747716070181e-36
4.33205266903014e-35 0.999999999890736 2.03348410363442e-13 9.49949524404743e-11 1.40655094240504e-11
1 2.17454089323866e-38 3.26901495717916e-39 9.48295936286111e-37 9.67444283318977e-38
8.72263050804723e-42 0.99999999995867 3.24579437721739e-14 3.65072896630747e-11 4.79029078347042e-12
5.63204726377812e-38 0.999999998502079 3.95227194000401e-13 1.46359752096097e-09 3.39282507222462e-11
3.35724936990071e-41 0.999999803481167 2.29400222828061e-11 1.89505222313244e-07 6.99067079336874e-09
1.3011495517792e-41 7.04531862028349e-08 3.74537932392028e-05 0.91781161638449 0.0821508593690844
1 3.4463884959437e-37 1.21758290446e-35 1.34230652043952e-32 6.96210492182994e-34
4.24754302900066e-34 2.46890171276214e-10 1.26895279882021e-05 0.982768551340175 0.0172187588849469
8.78306261254906e-50 7.79322271535489e-13 0.000428554391786341 0.760207837482181 0.239363608125254
8.58013146762978e-29 2.97488553284341e-10 0.000288363396643576 0.933629886497504 0.0660817498083642
5.71206333017959e-37 1.46354975426341e-16 0.693385242793145 3.746017423759e-05 0.306577297032617
8.26910581890170e-45 0.999999994940589 1.08417247614486e-11 4.1061965633605e-09 9.42372295101131e-10
1 3.13580549981562e-41 2.74314996224176e-35 8.5702726267475e-33 8.12346313860269e-34
1.90346808145812e-35 0.999999861881995 5.5739911186399e-11 1.32218798304618e-07 5.84346654251353e-09
1.05057756380666e-33 0.999999970837617 8.80048962044933e-11 2.53293595112813e-08 3.74501878262866e-09
4.12951579497399e-32 0.999999967740324 5.44272910435648e-12 3.11158399552368e-08 1.13839302282098e-09
2.66072797080362e-37 0.999999999692047 2.06296192382197e-12 1.78876318473822e-10 1.27013706252167e-10
2.085577002349e-35 0.999999999998935 4.70155387691674e-15 8.70972405765174e-13 1.89054710956355e-13
1 2.82035816420265e-39 8.84349299865456e-35 1.29220199550375e-30 9.95122751021963e-33
2.04817346990325e-39 7.33156251753538e-12 0.000182350569004549 0.850999314049629 0.148818335374035
2.09770307424955e-27 1.53300566781116e-11 0.000336316860104352 0.914364891101424 0.0852987920231414
8.96430468083031e-32 1.06244782207081e-14 0.892844092706935 2.26792886455112e-05 0.107133228004409
5.32337639650614e-42 0.999999994937868 3.17261355823549e-12 4.88376261550464e-09 1.75197116202487e-10
1 2.5289832528845e-28 1.156076902937e-29 1.22956012110778e-27 1.21694523817351e-28
2.89374809923611e-34 0.999999999894036 7.78525569124e-14 9.51246169838642e-11 1.07615071478754e-11
1.32895967829234e-40 2.84897684818419e-12 0.569414278594322 0.000432531324802613 0.430153190078027
1.5171194082125e-30 7.01533464788408e-13 0.000219837458886244 0.930169036584141 0.0696111259562714
1.06018343289895e-39 1.00312159347972e-11 0.00135291353384471 0.649519989799285 0.349127096656839
9.29748599978219e-38 1.20052769835146e-18 0.655501459636542 0.000148016433817551 0.34435052392964
2.73374251437791e-38 0.999999996173078 8.88319028176367e-12 3.35358302834546e-09 4.64456267144787e-10
1 8.593191747049e-40 3.09449688570194e-39 2.08702916216244e-36 8.9112003302435e-38
1 2.65801283660783e-38 1.10559669852087e-43 1.11510602998884e-40 1.11249957503252e-42
3.22728714928864e-32 5.8365091118474e-12 0.540856725706955 0.000614239283966775 0.458529035003242
5.90914185497449e-43 1.5526610776514e-10 0.00177822330895002 0.408689450367179 0.589532326168605
1 2.05383502301154e-31 5.32955530010413e-31 2.8502401926149e-29 3.17612346865138e-30
2.12984257727305e-39 6.70666737764031e-13 0.806988462854233 3.94686668268834e-05 0.19297206847827
8.18221999463095e-33 8.13827023582893e-10 0.000238322829719134 0.836997523745473 0.162764152610981
4.05101860518579e-37 0.999999999999311 1.746936911954e-15 6.09662575178886e-13 7.6989688035329e-14
4.47316273442806e-38 0.999999999999948 6.07395687630197e-17 4.81323224912327e-14 4.06684939789656e-15
5.40664563284431e-32 2.65071186507381e-12 0.652655414545141 0.000577482876527268 0.346767102575681
1.77059606242982e-41 0.999999999987605 2.56418695029052e-14 1.00362071190332e-11 2.33317788443519e-12
1 1.07806962776675e-26 5.93346150065912e-23 1.44364428688111e-20 1.01565639455679e-21
1.63574087609356e-36 1.70898617064815e-16 0.668846574398478 0.000105758196537939 0.331047667404984
5.05123387549517e-42 0.999999999992841 3.84234718605571e-15 6.62048040104857e-12 5.34778633898809e-13
3.60908349208989e-29 1.58160815950697e-14 0.917143547777723 2.69830979461313e-05 0.0828294691243146
2.51184162477221e-34 1.03364830589135e-07 0.000604331449655758 0.793713073173151 0.205682492012362
2.81168365834264e-34 0.999999999565803 1.75219802950153e-13 4.17201369515553e-10 1.68201348767553e-11
1 1.18293967507985e-45 1.26353563429368e-38 2.89103274253171e-35 8.22907399596832e-37
1 1.32102471776145e-30 1.60536934556746e-35 6.42389124503785e-33 1.80341730218049e-34
9.52807355015199e-41 1.68610840763446e-12 0.675955855015757 0.000272410604430093 0.323771734378127
1 4.05286216929353e-40 2.24626051191262e-41 8.00143494599581e-39 4.74436505782016e-40
1.38736216310667e-37 0.999999999993909 1.35619250167022e-15 5.87151234646613e-12 2.18352412484512e-13
1.49540999513579e-28 2.36292792263249e-13 1.28718976256095e-05 0.964585680044699 0.0354014480574393
3.09393343507326e-35 7.01238961751835e-06 5.09668039388291e-05 0.95013162625781 0.0498103945486331
5.38443255358381e-25 4.67676321433126e-09 0.000128062869864489 0.918379439199008 0.0814924932543642
4.0165928837758e-36 2.4914034512511e-12 0.659023715603146 0.000245997615503244 0.340730286778859
1 2.8629593049476e-38 4.20988040612886e-36 2.48092890592916e-33 1.49423663127102e-34
1 5.05600908131607e-41 4.18849796843043e-38 7.02962401260881e-35 7.24032588018241e-37
1 1.67716344344446e-27 1.08393496195292e-29 1.57369200990676e-27 1.04156664415111e-28
7.72910229090481e-33 0.999999983220823 6.49797092778712e-11 1.27547802351982e-08 3.95941665851373e-09
1.02021829238039e-31 0.999999999966681 3.73804235508853e-15 3.26693784372689e-11 6.45919695263613e-13
5.14819299687741e-30 2.87712143327843e-07 9.76333863710538e-05 0.939359093092259 0.0605429858092269
7.44608432691668e-35 8.6286875146012e-12 0.643337524179771 0.00042733180446369 0.356235144007137
1 1.41617379333012e-33 8.30470763319828e-35 1.53571079920941e-32 7.55091423569183e-34
9.02478790884377e-35 3.61847567221224e-14 0.000221769281000471 0.66844114748951 0.331337083229454
1.06900185795967e-46 2.20118986962138e-17 0.722064824450719 8.33414514661888e-05 0.277851834097814
1.87212347566183e-44 1.37300915577072e-15 0.000308814088521299 0.740349667781387 0.25934151813009
4.05720675080004e-28 3.00995749119955e-08 0.00118588049061696 0.576571673912318 0.42224241549749
1 5.28863763419619e-41 1.67826495325021e-43 2.47676035307323e-41 1.36517769558554e-42
7.02115470759923e-50 0.999999999883373 6.54871310642473e-13 9.34157920844769e-11 2.25562216179811e-11
1 4.64010895032834e-35 4.4785974431286e-37 2.11857125201163e-34 1.6181717303487e-35
1.3997129354363e-39 0.999999999999999 7.15360576774009e-19 9.39997436638659e-16 7.66400177986491e-17
9.08901696744551e-43 9.73807017331431e-13 0.00319314730409464 0.406579955665028 0.590226897029904
1 1.61995394197662e-32 1.89140347905238e-32 1.95693332702045e-29 5.20386362007076e-31
3.27297589427283e-40 0.999999063559842 6.77082557954337e-11 9.10073316743169e-07 2.62991328651128e-08
8.76937165161599e-42 4.12970503488499e-12 3.00500579733646e-05 0.962520084165407 0.0374498657724901
1 3.93951559264551e-36 5.0299010921662e-36 6.40364017151758e-33 2.13784936110325e-34
1 6.9532680546497e-36 1.64196588505536e-36 4.26124022551294e-35 5.25505863995312e-36
1.51102823391206e-40 9.56295067961721e-14 0.774810221358809 1.90468296394074e-05 0.225170731811456
3.6014996181084e-37 0.999999999999996 1.55540777938678e-17 2.86681936608259e-15 6.7169416865262e-16
1.50108623308376e-41 6.50450787596187e-16 0.551847132902036 5.85636336378614e-05 0.448094303464326
1 2.37006996648422e-43 2.96434757978112e-44 1.19067362199863e-41 7.9008883873934e-43
2.56633539494083e-33 5.21386855365044e-18 0.379636642133253 0.00183378201403433 0.618529575852713
1 7.93515424701675e-40 1.02929592510804e-38 2.05732628369632e-35 8.54589193761164e-37
1.3362745453703e-39 3.79377076809406e-12 7.64197985579579e-05 0.854685446036739 0.145238134160909
6.57212002874897e-41 0.999999999991485 2.37027146725299e-15 8.2166361031282e-12 2.96422696711966e-13
1.81592804975973e-41 1.71957227603418e-13 0.71042178862026 0.000135322119194382 0.289442889260374
1 1.89545124112184e-37 9.83504518964577e-39 4.71376662727849e-37 1.2878506360779e-37
1.33174259516916e-45 1.50928668494511e-14 0.377292100434223 0.000466037449043544 0.622241862116718
1 2.30676036772127e-35 1.33372541361866e-30 7.87903176778771e-28 4.66700666486745e-29
3.3239682674423e-29 4.45674257682541e-10 1.41626200519279e-05 0.969290699312361 0.0306951376219131
1 1.5666647716701e-33 6.05115647969407e-37 5.29551476464325e-34 7.78740340187639e-36
1.83865392983674e-35 0.999999999980391 1.48109418833347e-14 1.86328834886023e-11 9.61506629488298e-13
1 3.79078421176068e-39 8.64689806823903e-40 5.6922213851978e-36 3.33263204967448e-38
3.51990618720279e-51 1.02886419415225e-15 0.733012050151665 2.20214390824637e-05 0.266965928409251
8.58407497066896e-41 0.999999999869937 3.75904247444423e-14 1.20392408538186e-10 9.63322990340568e-12
7.13539488919786e-32 0.999999999428477 1.0949275304471e-12 4.75194228683818e-10 9.52338573242289e-11
1 2.68012247996767e-38 1.00102239223896e-38 2.13958403388828e-36 1.51038483138162e-37
5.0667405305512e-44 0.999999942492977 1.08337472334333e-11 5.2469703288593e-08 5.02648625986853e-09
9.95617694942435e-40 0.99999999999991 6.8590815175118e-16 7.46463929138585e-14 1.5000597189065e-14
1 6.90182862551223e-34 2.71366429566842e-35 3.09514492079776e-33 3.58651839168959e-34
1.16189895089259e-31 0.99999934886558 6.90655600477623e-09 3.74688162242237e-07 2.69539701422799e-07
3.54013744083297e-37 0.999999993610741 4.74528654800697e-12 5.84011638387699e-09 5.44397491547948e-10
1 7.13759197224125e-38 3.56192900064696e-39 2.21832219941654e-36 7.11189364902364e-38
7.00200344679704e-42 1.69065834657953e-13 0.000550824946574267 0.784017909180308 0.215431265872949
1 4.16871223526689e-40 4.76178166813793e-38 1.16095250997194e-34 1.36098839149413e-36
1.66074128646996e-34 1.62964861894865e-09 0.714565253934875 5.89206172652014e-05 0.285375823818211
8.36646914580894e-48 0.999999990383008 1.99139329627688e-13 9.52173045420474e-09 9.50621315003358e-11
6.62236773810424e-37 1.28988652765588e-18 0.736228015582838 2.68750002467035e-05 0.263745109416915
1.07249552517444e-41 9.71769045155888e-15 0.740824239216139 0.000124680406344774 0.259051080377506
1 1.65854610693473e-43 1.70896788654989e-40 2.37283184847572e-38 2.65232266447765e-39
1.33353151227433e-44 0.999999999999926 3.5584149930085e-16 5.93990463491798e-14 1.44972653534968e-14
1 3.98631720073088e-45 1.29200329777403e-40 5.80908056958278e-38 2.59446625676364e-39
1 4.46195538793695e-43 1.12095910836561e-39 2.26265224668749e-36 7.50394719881766e-38
2.1602298157344e-36 0.999999998415692 6.66436753738167e-13 1.49236785594258e-09 9.12734713096891e-11
3.15071438933606e-33 0.999999983147414 1.43860772218568e-11 1.42725008165487e-08 2.56569970070361e-09
1.5084547826324e-35 0.999999999999994 7.02368961322116e-19 6.29158421509115e-15 9.17935541001849e-17
4.27934368879867e-41 1.4576895616741e-20 0.77640596758621 1.46527210788414e-05 0.223579379692711
3.18493807948123e-35 9.99119034805829e-09 8.10957650937915e-05 0.950761867692445 0.0491570265512707
9.09486860929284e-41 0.999999815622708 1.23835433422935e-09 1.47946909360235e-07 3.51920280377763e-08
1 4.87720535182018e-43 1.67843888442008e-41 1.14332342816774e-39 1.29918589163021e-40
1 2.16994359010136e-41 5.79858067676287e-42 7.2155144165522e-40 9.2260033942972e-41
3.40277511500668e-33 2.92731854817169e-12 4.53627727895235e-05 0.963171221682124 0.036783415542159
3.31564452450506e-46 2.07790138966278e-10 0.000200861930668371 0.818330925014635 0.181468212846906
1.71113968018963e-44 1.18508994971589e-19 0.652948861088256 0.000140767240679863 0.346910371671065
5.00745447515509e-33 0.999999999985848 3.97780377537208e-15 1.39482993372859e-11 1.9991320228366e-13
3.932912099403e-33 3.97360069177779e-17 5.61176342793476e-06 0.991103012594799 0.00889137564177243
3.51319008187923e-33 0.999999999978851 4.89385156341679e-14 1.79766651665027e-11 3.12298098246621e-12
3.1701349204797e-38 4.23256640501347e-19 0.68663210075474 9.25410169765652e-05 0.313275358228283
1 2.19351167787634e-42 1.56778953533432e-43 7.6992575247525e-40 6.60758463320866e-42
1 7.86043174263584e-40 1.51905547338404e-41 8.1053005408512e-39 2.35555186105599e-40
5.78823816696965e-30 0.000982909523712189 0.000170607744355574 0.920493903895471 0.0783525788364617
1.16920954679212e-38 0.999999999996348 2.44469990185833e-15 3.44899887263913e-12 2.00233683572307e-13
2.01474829013221e-36 5.68854195095195e-16 0.898562505801297 0.000138241839192795 0.10129925235951
2.50540358078255e-36 1 1.7842144302489e-19 2.62572032673644e-16 7.10157202744423e-18
4.37746891076295e-43 0.999999999999751 7.0643574550046e-16 2.18244830195944e-13 2.98824309087281e-14
1 3.80338376852463e-37 1.25695704951779e-38 1.59826648281272e-35 1.81156588167663e-37
4.31091928116882e-31 0.000603231304970809 0.00318947598936179 0.562755560333725 0.433451732371943
1.69008912262708e-45 0.999999999999925 1.97768636698512e-15 5.07389578698566e-14 2.26548821629824e-14
1 3.119324608245e-40 7.51850101131889e-41 1.35646484848014e-38 8.56098750945038e-40
9.54842349810564e-45 5.27216790559004e-11 0.69480784925437 0.000135091461734823 0.305057059231173
5.51513047934812e-39 9.89098489089719e-12 0.00461116829681076 0.278190298073579 0.717198533619719
9.81210187401401e-38 2.20288749228203e-10 0.000574795113261361 0.808129151885405 0.191296052781045
1 3.28748346788573e-45 5.94907685534113e-42 1.44676070313253e-39 9.17256024248018e-41
8.19986937101768e-45 0.999999999994566 3.16301868604396e-14 4.24191936596925e-12 1.16057779424795e-12
1 9.12945859840141e-33 4.17689426560339e-35 1.20249808986417e-33 5.43415884773313e-34
1 1.91626283814907e-34 5.1762729092704e-37 4.45852940057556e-34 1.03687946332083e-35
4.58272034345788e-45 4.25120842559644e-13 0.837753000731927 2.79779462374995e-05 0.16221902132141
1.9114882057182e-34 0.999999992104785 9.92294073024142e-12 7.35521788942858e-09 5.30073763243524e-10
3.23264787016578e-41 4.76669636884033e-19 0.746476505324907 1.85919702983294e-05 0.253504902704795
7.30974248373465e-34 2.67480829733675e-14 6.44190004102877e-05 0.951819342545861 0.0481162384537023
4.95132764400449e-36 3.19896747670102e-11 9.88009574246481e-05 0.941495722468347 0.058405476542239
4.56904888135328e-33 1.45976305480739e-16 0.000788301026881444 0.776762301680957 0.222449397292162
2.99456762790728e-33 2.44842602113026e-13 0.823653192793389 0.000181239330430772 0.176165567875935
1.8589313264587e-34 0.999997655283652 5.26730090774741e-09 2.01590521568471e-06 3.23543830850395e-07
1 2.32411635760187e-46 1.45938637040672e-44 4.83411979903573e-42 1.25725313449771e-43
1 7.12350735783144e-29 1.49878650141181e-28 2.2534853449126e-27 1.03853359468742e-27
1.16790310672117e-27 2.0745604269268e-09 0.000131820561019152 0.923134705342786 0.0767334720216344
7.2736204059695e-30 3.27058516582762e-07 0.903846062042773 3.41426979116777e-05 0.0961194682007987
1.51821874125403e-44 0.999999996632666 3.31108365146367e-12 2.69673818050978e-09 6.67284558924751e-10
4.64025214130975e-41 1.42726016567547e-12 0.683469878935462 0.00016402715988275 0.316366093903228
1 9.41730183382322e-32 2.30375586692199e-31 9.13900807840954e-29 6.00312867673082e-30
2.24601719138364e-43 3.95110896326931e-15 0.800291760486171 1.15650710707141e-05 0.199696674442754
6.57968199407705e-38 0.999999999981743 1.31508474829079e-13 1.38109051667327e-11 4.3146428363367e-12
1.01185271316303e-27 0.999999999997882 3.96211174306518e-15 1.90993424316999e-12 2.04062958884261e-13
5.24509713979975e-36 2.54740891329247e-06 3.85878956553969e-05 0.979389769290998 0.0205690954044329
6.90386254801613e-35 2.37578914185824e-11 0.725630365052925 0.000346364783618075 0.274023270139699
4.02313704951919e-40 6.05808148819564e-14 0.60852515289929 0.00308532549647961 0.38838952160417
1 5.76085246371144e-35 4.38802067207756e-35 1.03336837250552e-33 2.44977259564698e-34
1.06226523305141e-30 2.27590311096939e-15 0.698744600638981 0.000251148812905587 0.301004250548111
1.74391998707641e-32 1.36174249307502e-11 0.000161310736716394 0.840295663250376 0.159543025999291
1 1.33863505362966e-34 1.00899905061354e-33 3.81764190970604e-31 8.34237705253265e-33
1 1.12864212216476e-35 2.17445390748319e-35 5.26695140854712e-32 5.46930836812543e-34
2.46191571101719e-38 1.70038689697125e-12 0.00127142795552306 0.610244741650811 0.388483830391965
5.89938409987496e-39 2.43816886540989e-09 0.000124059551463315 0.821763537323999 0.178112400686368
1.66748419906654e-31 4.5466681052508e-12 0.796430172738825 6.0587853750668e-05 0.203509239402878
1 1.95190757394917e-47 1.42489154271055e-43 1.69230354851027e-39 5.34250986757997e-42
