4.7094944696103e-40 1 2.22927009503387e-21 6.73091221073011e-17 2.87713207955828e-19
1 5.11106433926467e-54 7.59532490984187e-65 1.04315417506371e-60 3.55098371999801e-63
2.67152098454542e-51 4.77764315357971e-20 0.793520436511836 5.32500589168598e-05 0.206426313429247
4.7471745436853e-49 2.30318965573552e-22 0.671880768689635 8.40318028017789e-06 0.328110828130085
6.10286827700822e-35 4.55251309643783e-12 0.000128065157867839 0.924067765324315 0.0758041695132651
1 1.69512265514417e-38 3.71431191097981e-44 7.07471119606257e-40 3.5108146424036e-42
1 1.31959228591638e-51 6.04991138167063e-60 3.54648512209305e-56 1.53955430415881e-58
2.91144784667279e-41 0.999999999999234 1.04338271810477e-16 7.12594336212376e-13 5.29742921899673e-14
4.13590635429677e-46 1.8157601589503e-23 0.000927322830708094 0.637410136271705 0.361662540897587
1 1.32000976305035e-39 3.44905067980139e-53 1.27448097744091e-48 5.92344801516859e-51
3.35298730519184e-38 9.9455997203645e-16 7.28738494578821e-05 0.969016551232229 0.0309105749183117
6.06234188279152e-41 5.20740346180493e-07 0.000115580087075926 0.921198334530004 0.0786855646425739
4.63094858258006e-40 0.999999999999995 1.24031731316666e-19 4.56644330406993e-15 5.78285652677126e-17
1.90211392128912e-51 4.05215183486135e-24 0.743288764177982 5.08534401136127e-05 0.256660382381904
3.73542006962025e-47 1.70203513545645e-10 0.000335694206227006 0.835194629410286 0.164469676213283
1 8.58674236033926e-32 1.83870173589128e-40 3.73953117188884e-36 2.03725392352717e-38
8.17220330391352e-44 2.62784849538882e-18 0.816692773184105 3.66200133543669e-05 0.18327060680254
1 2.60478950772973e-40 3.07075647978958e-52 3.49271703210345e-46 1.63046966947142e-49
1.87482338173178e-38 1.78297625982504e-13 0.000173947376622958 0.922226545423288 0.077599507199911
2.16440241510178e-51 1.66038732305108e-16 4.44769492308854e-05 0.86436845764575 0.135587065405019
1 8.48097230633592e-33 1.02916696560037e-45 4.59573239718561e-40 9.25241222578068e-43
2.58527817213927e-42 5.22008694547491e-12 0.000146321938705401 0.917554006026599 0.0822996720294755
4.20428433310828e-40 1.38376205611646e-17 0.74985753214384 0.000623537214521099 0.249518930641639
1.70177698253854e-50 6.20098445207456e-17 0.685199483758544 0.000198865617098552 0.314601650624357
1.19362213633219e-45 7.8734649927344e-19 0.463359540217483 9.25207763487339e-05 0.536547939006168
5.64016776670807e-42 1.76797196893368e-06 0.0214297591919657 0.729977383617641 0.248591089218425
8.62621579929331e-36 0.999999999999903 5.30593930485578e-18 9.60284063004827e-14 1.18188911414051e-15
1 1.1407548883182e-47 2.92911137811759e-58 1.13254100328187e-52 1.66378448128361e-55
1.49690449971525e-42 2.13403935689334e-21 0.853614895160676 3.88571823846538e-05 0.14634624765694
3.64782562466864e-54 5.70392893099952e-19 0.747519930529833 5.88477680633451e-06 0.252474184693361
4.00463650127391e-40 0.999999998400487 1.13170854584811e-13 1.58100433490090e-09 1.8395481228881e-11
2.33597026793292e-44 1 4.97123423397993e-21 6.57329736143519e-17 4.66464687418952e-19
1 8.88853030242369e-47 2.03690311538553e-52 2.36771354106357e-47 7.53448136098407e-50
1.22986632284539e-46 1 1.14501557659008e-23 2.48879322842086e-18 8.2549450829894e-21
1.81817729276094e-43 0.99999999998693 1.52571670660991e-15 1.19271658425707e-11 1.14178022133778e-12
5.84846856188369e-42 8.98995924767973e-16 0.852962271128514 0.000174824518572592 0.146862904352913
1 7.63383508534917e-30 2.72131510990469e-36 7.6822449644697e-33 1.70899642138956e-34
1 4.60174743378559e-48 2.20386135960027e-57 4.30680390415537e-52 5.43356799798541e-55
7.36471326101577e-52 2.82280795271591e-16 0.00124736271856271 0.543215461585455 0.455537175695982
3.78546656474011e-50 0.999999998986713 1.60546491381254e-14 9.98555430364881e-10 1.47156570844524e-11
3.29380745456756e-37 0.020317325537971 0.000229187667991149 0.914583427647595 0.0648700591464432
1 7.21886731566025e-34 1.47711575228015e-42 1.60260749744507e-37 1.1718479487071e-39
1.74273671801558e-47 1 2.79534396336053e-22 2.27427817301584e-18 6.53297034530021e-20
1.60394255860348e-46 2.64296743211781e-19 0.924119500153688 2.31122052491206e-05 0.0758573876410622
1.77558094457202e-58 1.03328727037387e-17 0.604572893035222 0.000138780534986899 0.395288326429791
2.28416479851288e-41 0.999999999999988 1.54363268682678e-19 1.15757108618488e-14 6.06928783809306e-17
1.01901781167077e-42 0.999999999999997 2.31674230743346e-20 3.23985253624431e-15 3.87217508261055e-17
1.46598401843534e-46 2.42884736950574e-16 0.827299665263386 7.40072676841611e-05 0.172626327468929
8.86771348979077e-46 5.55598609652576e-16 0.927751340228806 9.27507268915366e-05 0.0721559090443016
1.449242899217e-42 1.88722378863105e-18 0.925546789887471 2.4721108467711e-05 0.0744284890040609
1.59816009901459e-48 3.27487346829119e-18 0.661669804213444 9.51473416424132e-05 0.338235048444914
7.51974677714208e-53 0.999999999999994 6.97439575024748e-20 5.69846023363441e-15 2.8619706679604e-17
8.40614109022849e-49 0.999999999997848 5.03465522820389e-17 2.06030171788456e-12 9.15292959677929e-14
1.72158400698208e-42 0.999999999957764 2.45646477756635e-15 4.16079545151978e-11 6.25785660832788e-13
9.62486814375548e-47 1.81988802653804e-16 0.488288897778394 0.000719566323452832 0.510991535898153
1 2.28208773852954e-46 1.76776300978941e-53 1.47996942347145e-48 4.62337390215043e-51
1.52418373254766e-44 1.51705524146037e-16 0.918326474474365 3.05984085833282e-05 0.0816429271170512
1.21476002422273e-50 4.19664363883966e-19 0.937032369716383 1.68398529274292e-05 0.0629507904306898
3.95549380749889e-65 6.2072092820037e-16 0.905529235120349 7.13396209460357e-05 0.0943994252587043
1 4.64804470729359e-45 5.49993056818892e-55 1.39536238131105e-50 3.3333226571681e-53
2.58575240449412e-48 1.20756895886707e-16 0.783619317725475 5.05541917976546e-05 0.216330128082727
1.2357783658148e-40 0.999999999999996 1.31235799114792e-19 4.47876149663157e-15 3.136434083359e-17
1.42802009655807e-36 0.999999999999999 8.36261170812836e-20 1.29228425682469e-15 1.07476889234563e-17
1.35652079629926e-38 0.999999999999275 1.93738248036519e-17 7.14055637432181e-13 1.10308053699713e-14
1 1.34910626853143e-54 4.02260884714186e-60 3.14851580835911e-55 1.29370327872771e-57
1.62898663498287e-46 4.73555178612778e-13 0.833528913537413 3.06157604130731e-05 0.1664404707017
1.37201975951905e-44 0.999999999999436 4.22262910193177e-17 5.48872959086607e-13 1.51198238925599e-14
2.81191991289518e-48 1.54754180651584e-19 0.335715783046443 0.00238387866580125 0.661900338287756
4.9050813237191e-36 0.999999999958939 4.64823790488719e-15 3.91898889688234e-11 1.86636228257318e-12
1 9.63624931043583e-52 3.69951203460923e-57 1.92164151408286e-51 1.05273766678415e-54
1 6.07527871639448e-41 6.49669666974847e-53 3.80627492733596e-47 4.16588645217204e-50
3.09686632314142e-53 2.02496412724943e-20 0.651301758343698 0.000137967057278942 0.348560274599023
2.83294081251386e-52 5.06033387144003e-18 0.277022956935285 0.000653433724754409 0.72232360933996
4.69166936046258e-49 4.05931618118261e-15 0.740002014395184 0.000103722140530637 0.259894263464281
1 5.80042019571256e-38 6.40405509583448e-39 9.39210966236058e-35 9.34713328320153e-37
9.79304842540903e-48 1 2.79443311981839e-23 8.13938718964747e-18 4.04769380709391e-20
2.99210394135146e-40 0.999999999954749 1.60806788816235e-15 4.45547473266748e-11 6.9464298984871e-13
7.52206116702584e-54 6.77038237269372e-18 0.808939726739457 2.21621806782044e-05 0.191038111079865
1 1.29047477558242e-45 3.80469753211304e-50 8.90584790834442e-45 6.0356864926032e-47
2.95396530215956e-53 4.04227881147678e-07 0.00023462484077068 0.931145974140525 0.0686189967908235
1 2.01296496872183e-41 3.85327331986303e-45 3.94553507663618e-40 1.09855869916816e-42
4.14549986082869e-41 3.32798665579665e-19 0.59512612160605 0.000962754682558553 0.403911123711392
1.44642976130039e-36 3.10234934461556e-15 0.000886111589634462 0.46673515111119 0.532378737299172
6.26561612858459e-50 1 6.98660053599249e-25 5.58492230695656e-19 4.6373972925153e-22
5.67984530443915e-55 2.47268373349922e-10 0.000360710075859873 0.753512555583949 0.246126734092922
7.99544841482415e-42 6.50080055288482e-10 4.35106540193295e-05 0.965724718286048 0.034231770409853
1 4.5607276979318e-43 5.22312906598089e-52 2.17013088538614e-47 1.46973202117805e-50
4.28048965920171e-25 1 9.0939338149918e-25 9.08283146412294e-22 3.49924462926525e-23
1 4.15013658695061e-48 8.31517954875237e-57 5.94999570486778e-51 4.94246242366812e-54
3.44958156278228e-41 0.999999999999984 7.32217210091278e-20 1.55969335051565e-14 2.649644431044e-17
9.49978283873292e-35 7.66300253762684e-17 0.578970577017203 0.00276786990852395 0.418261553074273
1 4.60474806538321e-34 5.9419268870979e-43 2.28226571850134e-38 1.06146841467586e-40
1 6.13197117442908e-31 1.75843433245876e-37 8.34776025961331e-33 5.17806180390751e-35
2.91304038091601e-35 1.84555994449393e-15 0.00055470901167018 0.222240175929 0.777205115059328
1 5.74141544715865e-41 8.82807243930126e-38 3.39179509241948e-34 3.14651413348607e-36
2.69603646810621e-43 1 1.90600561744952e-24 9.5337801607407e-20 2.7847347131515e-22
2.59647858296808e-46 1.8886397197567e-22 0.00031037091648491 0.36419296702024 0.635496662063275
3.74589265731513e-32 1 7.75426247543139e-22 4.66281926307953e-17 4.4471661607663e-19
2.28649692764269e-52 4.20831066111126e-16 0.000370475947801554 0.772600726472751 0.227028797579447
1 2.54567885512269e-44 1.67441860734319e-55 9.81212184175145e-51 1.71575798949132e-53
1.66922346233055e-38 1 4.41628071561657e-21 1.97093418388609e-16 2.55049308078054e-18
8.18534529853117e-46 1.71936541718566e-20 0.70781272846121 0.000124516514392957 0.292062755024397
1 3.76088326922276e-46 4.40359700654676e-51 6.851261214225e-46 7.72135828031432e-49
1.88116957685671e-38 2.33837775826882e-16 0.000285586787648718 0.894699034385009 0.105015378827342
5.2487484639903e-50 2.24254067173665e-14 9.26290018377248e-05 0.844881152604367 0.155026218393773
2.93098722590396e-45 3.11704009682631e-16 0.495804225846845 0.000291757437344166 0.50390401671581
7.07712562829559e-52 2.47062551027615e-17 0.672720248475977 2.32058409073868e-05 0.327256545683115
9.38869274500304e-31 0.999999999995424 2.90029242872755e-17 4.56491291378518e-12 1.05742261397954e-14
2.1609144226006e-45 9.42823137138633e-16 0.000444675369854604 0.735047576170256 0.264507748459888
1 9.02849787139573e-50 2.92431876245438e-59 3.35200754129545e-55 7.32282287631454e-58
3.22466356165171e-45 1.66602376809417e-20 0.819662812954146 4.88721549053319e-05 0.180288314890948
2.8862730122544e-47 0.999999999999743 9.38504257582985e-17 2.44080903088476e-13 1.33770429836299e-14
9.52409848622725e-41 7.89152638641039e-10 0.000535870357900904 0.555188956371466 0.444275172481481
1 5.25498314740343e-27 6.35896388851099e-37 3.68196080872038e-33 5.82797676719357e-35
4.07982302814996e-39 0.999999999999992 2.08859368627676e-20 8.24759556576101e-15 1.6160702106536e-17
1.20697000619704e-42 6.25636522472966e-13 0.361317900128224 0.000841447191466198 0.637840652679684
8.17739009697991e-49 6.57898145945138e-14 0.903513071779947 5.40280673658132e-05 0.0964329001526214
9.41260912847359e-56 4.36644526902874e-12 0.897973353463724 8.4458909982538e-05 0.101942187621927
6.69289222763254e-62 4.76369902767051e-18 0.597533525836434 2.81619469554306e-05 0.402438312216611
1 3.0056764914916e-37 4.28761400585673e-43 7.23217051818243e-38 3.52409151119822e-40
1 1.17838774194813e-40 9.62696390426198e-50 2.39774589194971e-45 4.98695954609874e-48
2.13692602018258e-49 1.31250938599051e-24 0.215977601218058 0.000998102889304478 0.783024295892638
1 8.46272377965809e-45 6.69726036221219e-54 4.52759968941826e-48 2.3596305549797e-50
1.68630353123872e-41 0.999999999999881 1.55999615288301e-17 1.16462992206429e-13 2.20345722167707e-15
1 2.85172341162096e-46 1.64428318487326e-53 4.56820476760869e-49 3.65466518056301e-51
2.29787767740874e-46 1 2.70511687560508e-22 2.29705876097479e-16 2.93778760661033e-18
7.54849752043235e-44 0.999999999999978 1.44508915643133e-19 2.20415528323082e-14 2.56694054794092e-17
2.70347285196805e-42 0.999999999756623 4.9552390192514e-16 2.42032379272648e-10 1.34399544994001e-12
2.11581069040976e-50 2.12916200802564e-12 2.26404403339443e-05 0.904491125923289 0.0954862336342475
1 1.17987943860652e-41 2.47083875798154e-48 5.53157115510584e-43 1.11318179321563e-45
9.57571840558763e-41 3.86509197530052e-12 4.58627800140883e-06 0.992962717782645 0.00703269593548864
6.68570458265727e-64 7.45876257851968e-18 0.000313121511379207 0.718976739711754 0.280710138776867
2.75152972165034e-37 9.38450434642673e-14 0.000726587186579617 0.953368960669146 0.0459044521441802
2.10354655216332e-49 1.20094403114638e-21 0.873393674563071 1.68680763085661e-05 0.12658945736062
2.98229946679994e-49 0.99999999999706 3.32654553697538e-16 2.88007137795402e-12 5.97258216418424e-14
1 3.56393558633841e-48 3.73603029987715e-50 1.99449137794555e-45 1.15316253057607e-47
9.35789132141499e-41 0.999999999959853 1.4092110101472e-15 3.99807479085468e-11 1.64741583771648e-13
2.43387890435498e-38 0.99999999998283 4.09179827836306e-15 1.68974351800603e-11 2.68841974651735e-13
2.15212804964652e-35 0.999999999999936 8.5656161876718e-20 6.31818523364076e-14 1.93569021732029e-16
8.42813576967775e-44 0.999999999999999 1.29928233538746e-19 1.07917071303097e-15 5.54922292023642e-17
1.69412398678983e-41 0.99999999999999 4.53639607019768e-18 9.58269762434024e-15 3.55472475564201e-16
1 9.5439219564928e-44 1.84097197221911e-44 2.30323692066395e-38 2.29983612570662e-41
3.90313259862981e-52 1.60711225266206e-16 0.000206723689725424 0.822898988133989 0.176894288176286
3.59268407766377e-41 5.55874702601627e-19 0.000975044333924257 0.76737941040282 0.231645545263255
3.52483073968913e-41 2.22555016528901e-17 0.608712900916922 7.51843895491815e-05 0.391211914693529
1.48087429760835e-51 0.99999996994344 2.46518267647838e-12 2.97342245817962e-08 3.19869851636966e-10
1 1.76131009242892e-26 4.20438346183064e-36 5.43271131661352e-32 1.97685355139992e-34
1.70973652822446e-36 0.999999999999994 5.43689816076519e-20 5.67539156465033e-15 5.4487832353953e-17
2.61116572551826e-60 7.05358526528706e-22 0.913498052728521 2.95519342928398e-05 0.0864723953371856
7.58732120260618e-40 6.25317619582415e-14 7.14949087604865e-05 0.971267116404299 0.0286613886868783
1.20030638308493e-45 3.66330549451254e-11 9.27015021053256e-05 0.845816319761923 0.154090978699339
5.04502234263401e-52 2.5787807877757e-26 0.586857114400607 5.51020035780419e-05 0.413087783595815
2.67708316728138e-39 0.999999999999998 4.79207504137303e-20 1.7993773762021e-15 1.19808439998477e-17
1 2.99326309050782e-45 5.86208765311305e-52 1.98571051684285e-46 8.0042646730864e-49
1 2.80117002195144e-45 8.26137442541019e-59 1.47520592954108e-53 9.35083654656195e-57
4.00544960675329e-39 5.19063528728823e-13 0.37847975596295 0.00190603218435147 0.61961421185218
7.01816499722711e-56 2.45626039973706e-16 0.00331078318483269 0.245733220047481 0.750955996767686
1 2.23500620681523e-37 1.78211380096534e-43 7.23640216783529e-40 8.02516828676732e-42
7.40526794506768e-49 6.83100102543384e-17 0.656160179117107 4.79139328280293e-05 0.343791906950065
2.39518765130867e-41 4.41716690316115e-12 8.05534470304201e-05 0.886381677618422 0.113537768930131
1.8979915822987e-45 0.999999999999979 6.69507285269724e-18 1.99097364934633e-14 6.1175470960829e-16
9.51265286719098e-39 1 8.8176198963807e-24 4.10909493257423e-19 2.20651793232353e-21
3.2259064499469e-48 7.36343268694113e-18 0.773884021196967 0.000272844310377828 0.225843134492655
1.1149384043505e-48 0.999999999999265 4.16740025854447e-16 7.03937618426332e-13 3.01558851740899e-14
1 1.21644776033272e-33 1.97766533204632e-35 2.82923039566699e-31 1.66797930819862e-33
1.39785901306634e-51 1.33521486187034e-23 0.523991229207748 4.93710611431835e-05 0.475959399731109
2.10744818279158e-49 1 2.53536339697312e-24 1.86765750198271e-18 8.59467609949601e-21
8.91170222470395e-39 1.61052880015164e-17 0.909686729221038 4.31907417982966e-05 0.0902700800371634
8.16484712971697e-45 1.58131025206153e-11 0.000300731372784994 0.782770925859585 0.216928342751817
7.29636294970418e-36 0.999999999995713 1.13681737567278e-16 4.27026330698756e-12 1.68412324504566e-14
1 2.04246559953482e-49 3.66716065489487e-51 2.11216794322926e-45 2.9411304628126e-48
1 3.98247766621294e-37 1.0046842406607e-50 8.05061068476425e-46 8.59174812205923e-49
8.42517680967589e-53 1.54661546451627e-17 0.716228533718903 0.000173464176665611 0.283598002104432
1 8.0765958859759e-46 1.28103723290429e-53 4.19067833984255e-49 2.03188964408888e-51
1.00610027923958e-41 0.999999999999941 3.79671225234874e-19 5.87426007406275e-14 3.45574981422722e-16
5.98760702167287e-40 5.88887978343248e-17 1.14706414789577e-05 0.968307181091069 0.0316813482674523
1.37241310054262e-44 7.42889994159665e-07 1.24357637788021e-05 0.979932009319249 0.0200548120269779
2.45112548404168e-39 1.01981820858704e-13 0.000155006339951479 0.880387847737432 0.119457145922515
1.08149627592774e-54 2.59912250481352e-20 0.891440655128542 4.8314602145999e-05 0.108511030269312
1 5.16732782796799e-44 2.46586243727488e-48 1.13412078696632e-43 4.59378449163894e-46
1 9.89418753456361e-45 3.44999052551152e-49 9.77555241415835e-44 8.56254101286079e-47
1 1.77756845630809e-35 6.49252134932209e-45 1.33119928909635e-40 6.90320259560584e-43
5.78510193977752e-41 0.999999999998016 2.17227603756036e-16 1.93641291182446e-12 4.75193816902312e-14
2.70360133242666e-37 0.999999999982461 2.5796892537584e-16 1.74182926458007e-11 1.203179617097e-13
1.3745392242828e-35 6.96181568948562e-09 3.07359005380711e-05 0.971069389479435 0.0288998676582113
3.16739502003066e-46 7.9080539505449e-17 0.512968140152937 0.00026568591968395 0.486766173927379
1 5.88315691371657e-39 1.96020323986972e-45 3.49884826727488e-41 2.62234527024033e-43
8.19551218101439e-45 4.00327485096642e-20 0.000381677573916661 0.57438422977008 0.425234092656003
8.41074550029807e-58 2.43820017090831e-21 0.604390639686631 9.10059904350254e-05 0.395518354322934
4.29398338801716e-56 9.32748566360223e-18 0.000117655561926021 0.771012074012038 0.228870270426036
3.81895076802649e-40 2.40955457054879e-13 0.000305577304289355 0.374982729044926 0.624711693650544
1 6.66930080359616e-48 1.1564814458922e-57 4.1953658288334e-53 3.05737204510423e-55
4.18759398997254e-55 0.999999999998558 6.91952816850799e-16 1.38225259857158e-12 5.8820105743036e-14
1 4.60209276067948e-42 6.84678328058624e-52 5.71926308080439e-47 3.56212323464539e-49
9.24888604953542e-48 1 3.84329165560264e-22 2.94325520508517e-18 2.77144298782184e-20
3.68419381302803e-50 2.44607741297003e-13 0.00132975277606354 0.693924817777405 0.304745429446286
1 2.1737597973533e-37 6.40739590664747e-45 1.89603111184848e-39 4.54026692664919e-42
1.27337380692076e-45 0.999999999985196 1.73772440644024e-17 1.4774222051361e-11 3.01267362236972e-14
2.99090148906006e-49 1.10667268568843e-14 4.53748628494432e-06 0.960137668157885 0.0398577943558189
1 1.59892019909504e-42 6.855341768793e-54 1.32833328719994e-47 1.12294664455592e-50
1 5.84644758034982e-41 3.90231395541093e-50 4.22190199169534e-46 3.0988704826971e-48
1.27813723586413e-46 6.57814210341557e-16 0.750002833307951 3.55237681232038e-05 0.249961642923925
1.16745214928893e-45 1 1.06647204987474e-22 7.68765407745261e-19 1.86030281723254e-20
1.15222590380528e-51 3.97743737515342e-20 0.203640130586138 4.68407156220667e-05 0.79631302869824
1 1.139641259908e-48 3.03341421723634e-57 3.04874548014623e-52 9.72221195731314e-55
6.79714610202866e-47 9.65649224091332e-24 0.358661573160429 0.000912354194345872 0.640426072645225
1 1.91955876792332e-47 1.34530247009926e-52 2.78416140801068e-47 1.16558498682196e-49
2.589231014297e-51 1.15082330784778e-15 6.38347064417745e-05 0.894981753255347 0.10495441203821
1.89463099786014e-43 1 3.6645680846418e-21 3.95908969783131e-16 1.08997730391025e-18
5.3257774758797e-54 1.82915669525051e-17 0.650313909197306 0.000112573029162379 0.349573517773531
1 2.90439550303296e-41 1.62744222155352e-47 2.87064349574469e-44 1.07600147353337e-45
1.98765066197891e-58 4.28941520268249e-19 0.414258586777997 0.00046754546597792 0.585273867756025
1 1.73723345603947e-41 7.56538332810767e-45 9.42050922512476e-40 3.07233458910297e-42
1.95391304909261e-37 4.37230457360697e-16 4.60978955302085e-05 0.954378378799141 0.0455755233053282
1 2.29375676135682e-39 8.81318540522407e-50 1.7257136390655e-44 1.91579707022136e-47
2.80821257424215e-41 0.999999999999679 2.02140368894241e-17 3.18419226476575e-13 2.49099372141506e-15
1 7.45621317957182e-43 2.56994530679023e-46 4.87516926336617e-41 4.61233502601303e-44
2.69596352687944e-60 2.30439149150835e-20 0.704024772635851 2.17283377618259e-05 0.295953499026387
1.34096223575106e-45 0.999999999998709 4.26590230266017e-18 1.27018976038633e-12 2.09474714717789e-14
9.46242691241389e-38 0.999999999999985 5.554568852524e-19 1.49451972166472e-14 2.49947411426585e-16
1 5.43455789359254e-42 4.88691624373761e-52 5.23996295385231e-47 1.71833114761016e-49
9.47277380991181e-47 0.999999999999342 1.05905758027069e-18 6.53143278206078e-13 5.12038858742927e-15
1.81629265956435e-41 1 8.07700362780117e-21 4.48052699309794e-17 8.97143418396776e-19
1 5.69538394783575e-41 2.43951556882639e-52 2.28425517723339e-47 1.49389684199132e-49
1.76875385672333e-37 0.999999999994505 2.46812182065662e-15 5.31788444713069e-12 1.74701537041084e-13
5.62881758222304e-43 0.999999999931217 1.78851100728353e-15 6.79156808326513e-11 8.65393259370407e-13
1 1.56762694320507e-43 3.33702523513267e-51 3.29329746236396e-46 1.37793099521826e-48
1.29232166908575e-50 1.018221412134e-16 0.000496517254685203 0.781505330154544 0.217998152590771
1 2.44088482813133e-43 2.07237077620916e-47 2.9632195655774e-42 2.21287325197769e-45
9.49364999284076e-48 2.21239788919056e-13 0.639591146137856 5.61253138777148e-05 0.360352728548046
8.89800601818991e-51 0.999999999876005 1.1869378981402e-16 1.2374124250787e-10 2.5350261514155e-13
1.27267753998816e-43 3.52507040626309e-23 0.604830732869388 2.8000057998024e-05 0.395141267072613
2.85346901925545e-53 2.59283356291873e-19 0.824395798188641 8.18990662026577e-05 0.175522302745156
1 1.59724222233102e-47 6.43972200344459e-52 1.95179248696287e-47 1.78966492660645e-49
1.18309350785711e-51 0.999999999999999 7.13129076148045e-19 1.24849154061304e-15 4.50216295262926e-17
1 2.89485145168003e-49 1.619595565663e-51 5.97532503469069e-47 1.9552877566893e-49
1 2.45269984490963e-45 3.75084704165195e-41 3.358286966657e-37 5.1524645347576e-39
2.95537708704603e-41 0.999999999999911 3.58075032070075e-19 8.86325295434169e-14 4.48245658190461e-16
3.08531338646258e-37 0.999999999999875 8.28596725534754e-19 1.23408343396089e-13 1.30283029966233e-15
1.36139105185753e-43 1 7.25131195349799e-23 1.32296459217067e-17 2.55234757618711e-20
5.94563852157902e-57 4.29830693015425e-26 0.896827286701842 6.40339919096986e-06 0.103166309898967
4.1539264923459e-45 5.26382237645992e-11 5.60490293985685e-05 0.97626823749069 0.0236757134272736
2.04372133192619e-46 0.999999999910976 4.44938773870484e-14 8.68189870698888e-11 2.16051829531878e-12
1 1.03335579445814e-48 9.80666321858769e-53 8.35070075372486e-49 1.487649482567e-50
1 6.22537562071817e-47 7.00149172099059e-57 4.95326712968048e-52 3.09497664690487e-54
1.42621871335128e-42 1.39618106077979e-14 2.31189237380998e-05 0.981952025281523 0.0180248557947247
1.20217958366581e-54 1.95960894835453e-14 8.58928564433336e-05 0.778121922457339 0.221792184686198
2.10779818251739e-54 1.27609197666478e-25 0.689620326271815 7.11921927459391e-05 0.310308481535439
1.20422963823438e-38 0.999999999999504 8.53018033676279e-18 4.95012369330824e-13 1.5695577409604e-15
1.03505243659249e-47 9.08865642746995e-24 1.04920044100019e-05 0.977875755794542 0.0221137522010477
3.76392996981493e-36 0.99999999999944 5.43837191317389e-17 5.39430964066317e-13 2.02888946949226e-14
4.47320991505936e-44 2.05262963683125e-20 0.874881556038684 0.00013665578340351 0.124981788177913
1 1.49912261042528e-42 3.85348738744613e-49 1.4925024035745e-43 2.43778452189686e-46
1 5.4870851134806e-44 5.8828404902551e-53 1.66474287560677e-48 2.3347669611902e-51
1.80003080823742e-39 3.60165380950363e-07 0.00019723529529493 0.922713930762267 0.0770884737770571
5.5987369483436e-43 1 1.94654992776425e-21 4.327706655161e-16 2.0493633543731e-18
5.81056977604885e-45 1.03029805153686e-19 0.873490156498738 0.000154521523510073 0.126355321977752
3.82092486737279e-38 1 1.21637307674625e-23 9.48189032376632e-19 4.34985417831543e-21
1.39127992957448e-44 1 2.03504700146869e-20 2.01470237533298e-16 4.46138985063003e-18
1 2.21838683064999e-38 5.26102816960634e-46 8.12959792635841e-41 1.10216710193452e-43
2.05337067443754e-41 1.61489042757357e-09 0.00148864705057506 0.426302792292715 0.57220855904182
2.16863529019581e-49 1 1.05322569148059e-21 7.83206829276091e-19 2.50337354247438e-20
1 2.72783357874563e-48 8.96715525587763e-58 3.76040011523709e-53 1.04864253167889e-55
1.51075994229162e-55 3.90241151793298e-16 0.41129198645165 0.000138592064652213 0.588569421483697
1.8939812318641e-47 6.77089825756069e-16 0.002254178344313 0.219257303163961 0.778488518491725
7.59317871298446e-47 3.52598881307065e-13 0.000384845546835874 0.843483868872366 0.156131285580446
1 3.78828262256964e-51 8.43036237757913e-57 5.08476822285956e-52 9.32706544273858e-55
7.21444646620929e-48 1 9.73807099393075e-25 3.04360210220159e-20 2.18154357261847e-22
1 1.04400011121508e-39 1.76584300559519e-52 3.63636699129943e-48 4.9928933442193e-50
1 8.90329155406272e-37 4.10067239398352e-46 3.29389855694304e-41 4.36144801629884e-44
2.52029726145894e-57 1.41013140036369e-18 0.941400958129588 8.45684744480221e-06 0.0585905850229677
2.77731356226166e-36 0.999999999999594 5.83121247923058e-18 4.02959276424943e-13 2.66753434759077e-15
4.63883689150827e-48 2.75029915597442e-22 0.664328267177219 2.36215030600613e-05 0.33564811131972
1.75640048081703e-43 1.0088205410591e-18 8.76670009321335e-05 0.936416182966091 0.0634961500329764
1.13863568390654e-41 2.18305611294824e-13 2.40562959745916e-05 0.962946647057325 0.0370292966464823
9.95349991554789e-42 3.00639769632499e-19 9.49234757301934e-05 0.780789243441483 0.219115833082787
2.14311680192452e-46 6.30233484905872e-20 0.753168907273227 9.41967297810799e-05 0.246736895996992
7.28290181698843e-38 0.999999999956596 9.69057056841898e-16 4.27701783664802e-11 6.32522140061984e-13
1 1.44085363535953e-47 4.19916605303808e-56 9.19218245008918e-51 7.46679434955435e-54
1 5.16346100578165e-30 3.97761781193303e-38 1.11879453188661e-34 2.99796462210696e-36
1.95778450438525e-39 1.78305135358502e-12 0.000202269783356429 0.943485879270666 0.0563118509441947
1.91722194590405e-41 8.15675372824417e-12 0.79490497467642 4.38896796582919e-05 0.205051135635765
6.22735430451679e-49 0.999999999999795 1.12613391526072e-17 2.01166050663405e-13 4.04655238691865e-15
7.53919477725882e-54 2.04603494488089e-17 0.409096511392399 0.00015972091407492 0.590743767693526
1 7.90739592243838e-36 3.45380110230823e-42 1.15445813144331e-37 4.9336174482807e-40
6.4566252907222e-52 8.24386579027615e-19 0.75784060141356 1.53298682717168e-05 0.242144068718168
4.22448121770404e-40 0.999999999997449 1.45702870692178e-15 2.32335810913937e-12 2.26571806270882e-13
6.00704794295325e-32 1 1.50862469767949e-21 5.80976550696117e-17 4.24132796532165e-19
3.13854109369048e-43 3.24076203806037e-09 4.52373958524705e-05 0.984402646017063 0.0155521133463223
9.64573550960546e-47 5.5394056528766e-14 0.621105555711503 0.000611251880635253 0.378283192407806
1.46317100002046e-45 4.85248710079061e-16 0.462246154401532 0.00756230200767837 0.53019154359079
1 2.79400083775556e-37 4.37402264563115e-43 1.01268776813729e-39 2.96961987094869e-41
3.07492207555713e-43 7.78892227039656e-20 0.752735929734385 0.000179019719624268 0.247085050545991
1.05462911456762e-40 1.36177920640459e-14 9.98911896092856e-05 0.869095700092814 0.130804408717563
1 3.07149955617023e-38 8.81032040516488e-43 1.76810352106348e-38 3.69160811904168e-41
1 9.32580716442995e-42 7.26587071102197e-47 1.55486578633976e-41 1.90684947386273e-44
8.88380220353838e-56 3.37749368413564e-20 0.00655956671318357 0.424276539366045 0.569163893920771
7.72949570367669e-51 3.8002027963891e-15 0.000145416520638751 0.736776951490981 0.263077631988377
3.3022656491624e-42 4.57584674792428e-18 0.813513771824463 3.35719051235907e-05 0.186452656270414
1 1.93692482433393e-52 3.4008708395077e-56 8.64984036758696e-50 2.10675385617595e-53
