0.333884454113315 0.198497985130887 0.360941839630014 0.106675721125783
0.507362013616874 0.191233402879421 0.138248683556173 0.163155899947532
0.288985334570469 0.352387530207526 0.214626364314215 0.14400077090779
0.186378347386936 0.550773434927281 0.140601549087183 0.122246668598599
0.103815688867782 0.238797366697105 0.422426421848284 0.234960522586829
0.138395187311192 0.360863482072131 0.151741614294183 0.348999716322494
0.415160413829667 0.245819963702884 0.114562157485123 0.224457464982326
0.215943621607229 0.4546292528405 0.193929287328733 0.135497838223538
0.19012829548022 0.324108282137848 0.194306895394983 0.291456526986949
0.348595232684135 0.230422788681983 0.28971768155024 0.131264297083643
0.175318178094149 0.191653992106444 0.26438388302989 0.368643946769517
0.122834040683187 0.244386290318269 0.395367681855691 0.237411987142852
0.329418915740839 0.307005454673349 0.260081230569997 0.103494399015816
0.169804182101205 0.277778168828712 0.27449675970171 0.277920889368374
0.129765262695023 0.246584490738449 0.489581326303401 0.134068920263127
0.259389114726799 0.267071139979755 0.182788259877144 0.290751485416302
0.314610733068585 0.385616826954104 0.133144737061419 0.166627702915892
0.289372785121617 0.278880304025872 0.14795082530466 0.283796085547851
0.220971862211491 0.161389173770868 0.263352133976341 0.3542868300413
0.130274846364747 0.197410407406982 0.38291102984534 0.28940371638293
0.255335205482687 0.250182045009198 0.292631315993244 0.201851433514871
0.18658351028811 0.35186282418013 0.179889291381168 0.281664374150592
0.18092319159355 0.358545237726316 0.151589289626905 0.308942281053228
0.33626527281606 0.398093528285784 0.15085049672272 0.114790702175436
0.246039021215125 0.439529961610413 0.188556344023814 0.125874673150648
0.330345595214272 0.231533799351857 0.270248708787712 0.16787189664616
0.305788757601404 0.341954214671178 0.260318472963637 0.091938554763781
0.389487220173816 0.357633181175245 0.0649741184967495 0.18790548015419
0.149120130592883 0.414880951938348 0.198805302268688 0.237193615200081
0.191408348997542 0.584089474593949 0.0811273086941214 0.143374867714388
0.298919723743432 0.191716425706025 0.301135153410147 0.208228697140396
0.218601877384007 0.190768108278034 0.427586511360356 0.163043502977602
0.31561522421019 0.184728386593881 0.231918052233486 0.267738336962443
0.35483388171022 0.244889263327494 0.245832488475824 0.154444366486462
0.334297649141464 0.30729622976944 0.21043645599461 0.147969665094487
0.261180830609445 0.350553334271175 0.204013354345679 0.184252480773702
0.380080450122142 0.223726844465482 0.191959320425671 0.204233384986705
0.397817480559523 0.251971021947975 0.118244167374251 0.231967330118251
0.178968977832085 0.378640136137317 0.167009256068018 0.27538162996258
0.37883957728377 0.191902039423097 0.256987699068197 0.172270684224936
0.235641352840535 0.283284737478153 0.297803251952153 0.18327065772916
0.354076417942229 0.321482038742057 0.104557731678432 0.219883811637281
0.279856090943922 0.296154267205764 0.27302760410828 0.150962037742033
0.360525023646087 0.248355668568467 0.168532063197801 0.222587244587645
0.256882206302177 0.299863778701321 0.344903770698996 0.0983502442975072
0.243093534345129 0.226800475535546 0.421079168396186 0.10902682172314
0.33665034863538 0.249828149834509 0.339552110068832 0.0739693914612785
0.351635655525915 0.283428715084493 0.206692140494639 0.158243488894953
0.368279832495504 0.110038655845021 0.379293455397941 0.142388056261533
0.370276170236392 0.191710834748865 0.271065495493598 0.166947499521145
0.240520435166 0.35799486868794 0.171918668781001 0.22956602736506
0.248991783493247 0.183961771710568 0.378052254002688 0.188994190793498
0.242218329207886 0.219298352973801 0.435158322180168 0.103324995638145
0.287856943427723 0.212901545426947 0.401381512446102 0.0978599986992289
0.205147486582891 0.302842878167266 0.236897453375366 0.255112181874477
0.249200417311237 0.276831988161963 0.188835598144418 0.285131996382381
0.380771971586652 0.332121786823848 0.138743792179604 0.148362449409895
0.127922606876043 0.337182607982682 0.277548763638593 0.257346021502682
0.181359491534215 0.304676827667564 0.19551890394636 0.31844477685186
0.438501095305675 0.258309016998401 0.118706483114048 0.184483404581876
0.37201640053084 0.360200736112713 0.138197888951454 0.129584974404993
0.353134682345925 0.151018165023496 0.330710889835899 0.16513626279468
0.335821248699481 0.250173653619581 0.286788896232626 0.127216201448312
0.229024325064809 0.245113597647912 0.399281786169809 0.12658029111747
0.246975033469731 0.333748489279476 0.163440976112186 0.255835501138608
0.263252820518268 0.393807070496991 0.188027843272031 0.15491226571271
0.260844293436877 0.299574526485622 0.333074609110068 0.106506570967434
0.309043096464724 0.174766950968503 0.299507083316816 0.216682869249958
0.26809628502936 0.218149277050435 0.379090932372221 0.134663505547984
0.267947874874007 0.19169779865896 0.152332171220669 0.388022155246365
0.34183743152916 0.228446197370639 0.17202413990208 0.257692231198121
0.32683563707887 0.310800606671468 0.148303079517031 0.214060676732631
0.249286362489003 0.340794496100197 0.228281474372611 0.181637667038189
0.313083663483745 0.356808863709157 0.174915601588089 0.155191871219009
0.196663832594195 0.259997280492947 0.250588466203066 0.292750420709791
0.312956906448708 0.352959438483415 0.246651978485186 0.0874316765826909
0.306591632267268 0.262947031965154 0.218293599446627 0.212167736320952
0.212235091608468 0.388496984768038 0.195150868249414 0.204117055374079
0.163342590730614 0.360698906791047 0.156719785065234 0.319238717413105
0.264095034493573 0.202232933013832 0.373599053746561 0.160072978746033
0.305402228519571 0.260338668089298 0.223052943369377 0.211206160021753
0.244026344916635 0.360133459016301 0.205934499365196 0.189905696701869
0.235273994352121 0.380578278689572 0.171409168376791 0.212738558581516
0.416022087383671 0.152582240123398 0.342273494693376 0.0891221777995559
0.263065393581022 0.321755937055455 0.248403501063749 0.166775168299774
0.142279420030481 0.245456015154096 0.245429930164971 0.366834634650452
0.386819400318853 0.219687712301957 0.162378149648459 0.231114737730731
0.451565158809624 0.255139160966633 0.1800683732457 0.113227306978043
0.209101785756326 0.254932027155823 0.232155322535016 0.303810864552835
0.317235948849751 0.148684074563207 0.41294003113918 0.121139945447862
0.169656459412756 0.300556375894263 0.308456303607101 0.221330861085881
0.153862711677672 0.365492991485985 0.192110463932991 0.288533832903353
0.272463832857738 0.39955663452699 0.107690862887717 0.220288669727556
0.109544623430502 0.388688317887454 0.147825944708291 0.353941113973754
0.271573939580046 0.287404193565525 0.167220035337517 0.273801831516912
0.266275020241849 0.181142749454403 0.422341018256466 0.130241212047281
0.135620090911053 0.47238584197433 0.12983259051665 0.262161476597966
0.376491451907297 0.210505023952995 0.220497710730759 0.192505813408949
0.163985001485326 0.272468453650225 0.229477928762398 0.334068616102052
0.163111178981622 0.177004200727444 0.486073077790149 0.173811542500785
0.394055940100339 0.264419111569132 0.243881096734978 0.097643851595551
0.346943503011755 0.257809317884213 0.182637551003304 0.212609628100728
0.326819227515575 0.278528097869306 0.164792939906302 0.229859734708817
0.160586201672051 0.13887528184657 0.350079386523726 0.350459129957654
0.193071261834222 0.272437735484601 0.258116888869214 0.276374113811963
0.318471092425621 0.418135501617024 0.116687634094091 0.146705771863264
0.154221077809589 0.321498667874106 0.256974193696879 0.267306060619427
0.3002873000828 0.279083519750486 0.186519316547661 0.234109863619053
0.199147223966841 0.326512772766442 0.318102803824166 0.156237199442551
0.464975766240537 0.156222350704536 0.13976178427674 0.239040098778187
0.261712857799783 0.244036383032566 0.337999072389301 0.15625168677835
0.248195248526481 0.253555251983206 0.349148233272087 0.149101266218225
0.15916543596273 0.287207122186519 0.251113280634052 0.302514161216699
0.308286180647643 0.351316416410169 0.151614524595791 0.188782878346397
0.187460129263976 0.323594899530821 0.367091983029831 0.121852988175373
0.287350503473625 0.239613187898113 0.231468570670594 0.241567737957668
0.25506997887871 0.397444857092373 0.152712961561539 0.194772202467378
0.400492676193005 0.230447043944849 0.255846135402038 0.113214144460107
0.337638223581951 0.352153091655102 0.132195436321337 0.178013248441611
0.362173071781868 0.299293596804181 0.135041877756709 0.203491453657243
0.180423073342645 0.336188928580239 0.175777087347492 0.307610910729624
0.213396377980245 0.26013647755743 0.264888347221137 0.261578797241188
0.172591249878391 0.447357281602517 0.184946837588479 0.195104630930612
0.380932909868338 0.222454261227737 0.257712626750641 0.138900202153284
0.311908231876751 0.347002538898064 0.163522777275011 0.177566451950174
0.226010788455711 0.364061707344083 0.280357318185328 0.129570186014878
0.371596279722453 0.106460606482784 0.395823583521809 0.126119530272953
0.386706955011574 0.254164217318648 0.27903041044445 0.0800984172253288
0.228723752123489 0.387828110155228 0.209442626685241 0.174005511036041
0.415755686398222 0.251324816525467 0.139876358848579 0.193043138227733
0.157839232880949 0.138559523918522 0.439009265283643 0.264591977916885
0.0796298331687529 0.169504878062643 0.437681914464165 0.31318337430444
0.394534677194463 0.201390456574641 0.192901368269082 0.211173497961813
0.329661699054374 0.264930119200664 0.174514216163257 0.230893965581705
0.41568810799014 0.160985297829873 0.322109761901572 0.101216832278415
0.349165086535684 0.232995340921614 0.237165593131856 0.180673979410847
0.347131435975489 0.121625895364181 0.427663089815302 0.103579578845028
0.376362657984529 0.159455091343624 0.350514702839924 0.113667547831922
0.201872382217429 0.121763469087722 0.564513220268933 0.111850928425916
0.416804980657691 0.238431908307949 0.224173380813264 0.120589730221096
0.368266925572922 0.264663341297718 0.207439163158063 0.159630569971299
0.260838330041387 0.285656473109674 0.158092668986785 0.295412527862155
0.277500858217701 0.290916422465709 0.148742434846037 0.282840284470554
0.168203316275942 0.353397257229017 0.156122245956746 0.322277180538295
0.203228224678222 0.385188582676532 0.183070171527593 0.228513021117652
0.132464049256713 0.201533992401356 0.40372307225046 0.26227888609147
0.347904118931468 0.204169558416431 0.165281189115327 0.282645133536775
0.264679617888126 0.251211716720344 0.383360984593024 0.100747680798506
0.258865699849638 0.35548338056015 0.167345683522215 0.218305236067998
0.262760046470502 0.150325408944191 0.224006287027225 0.362908257558082
0.217003726967712 0.172745177919827 0.34284301200397 0.267408083108492
0.135124940883357 0.422262038150889 0.262208892588193 0.180404128377562
0.319414783509799 0.0930249938991127 0.520673676241601 0.0668865463494871
0.147826837432478 0.401674474219253 0.169292822125341 0.281205866222928
0.307537067580661 0.241068148019975 0.252698658449252 0.198696125950111
0.270658247062161 0.266655500974902 0.259322399757381 0.203363852205556
0.28966866323857 0.311168485500241 0.184818290821016 0.214344560440173
0.31083574598225 0.235010725505452 0.248988944434142 0.205164584078156
0.239151720321719 0.373787243021048 0.242520645823972 0.144540390833261
0.215572139047825 0.255493948533206 0.263999837888586 0.264934074530384
0.311571566930774 0.227665710277848 0.277400321750559 0.18336240104082
0.360382316265753 0.135864263980427 0.440627508202193 0.0631259115516267
0.27503173736263 0.320091473113619 0.135707602070516 0.269169187453235
0.231069490956598 0.17745027917507 0.43731996860484 0.154160261263492
0.292834100036193 0.19101310933068 0.33104365836401 0.185109132269116
0.223710419458604 0.447097287800735 0.10623229785807 0.22295999488259
0.368689992455453 0.216636074484704 0.254461658963017 0.160212274096825
0.25694843279447 0.235300130956383 0.255818976866655 0.251932459382492
0.205901766974294 0.34242545269565 0.185768832588907 0.265903947741148
0.275704219513637 0.192551571410386 0.408664057995047 0.12308015108093
0.296599875100669 0.181379167400869 0.186985631598707 0.335035325899755
0.456539503136036 0.225015913415677 0.172116528055933 0.146328055392354
0.243499006424069 0.254784893707358 0.305671297790793 0.196044802077779
0.223592569514243 0.289666968968956 0.23535809753175 0.251382363985051
0.211928004722751 0.249581220673402 0.404825010637897 0.133665763965949
0.212048498600827 0.218763469239419 0.190581024273163 0.378607007886591
0.236770050947285 0.181017294737565 0.288490508280767 0.293722146034382
0.127788271995048 0.304315130067024 0.165346375195351 0.402550222742577
0.223210179243008 0.319107339161457 0.162546445063636 0.295136036531899
0.398511710785457 0.257021492866364 0.148766638130967 0.195700158217212
0.215848970985399 0.168441845060159 0.251966653842176 0.363742530112266
0.293453028056647 0.225302986573129 0.334333150421944 0.14691083494828
0.331111898248463 0.240179108357107 0.238200385377092 0.190508608017338
0.248127585973531 0.300917552012364 0.279821678219795 0.17113318379431
0.265018709818773 0.229659837994376 0.262687610321049 0.242633841865802
0.241155848234839 0.354762471982317 0.220596919194786 0.183484760588058
0.293403567752748 0.323328527250708 0.135178043979095 0.248089861017449
0.185677088843651 0.409836891498333 0.184289749726285 0.220196269931731
0.366358173556666 0.30456725910027 0.193964398791386 0.135110168551678
0.1517475136323 0.126211320672191 0.367480069359692 0.354561096335817
0.0982283698698945 0.515715836263666 0.158887697339406 0.227168096527033
0.307791989623961 0.400684957262729 0.105168504878139 0.186354548235171
0.336567815484692 0.179345830016316 0.366743541395068 0.117342813103924
0.303086501641358 0.324159219595006 0.207660812408471 0.165093466355166
0.507099967143271 0.211131616259491 0.16062037258631 0.121148044010928
0.159061070051678 0.138575013224118 0.477615477393046 0.224748439331159
0.326955538956511 0.292634668195174 0.179964752139011 0.200445040709303
0.363302717300368 0.136938956479159 0.384744487268191 0.115013838952281
0.0959526886832329 0.194629939485618 0.496573196639173 0.212844175191975
0.341426964626356 0.252393116192857 0.203818364907818 0.20236155427297
0.400989821683965 0.305864320568066 0.104293469151647 0.188852388596321
0.393879491645415 0.312922247391214 0.205065815326573 0.0881324456367975
0.257866081258124 0.249403827666099 0.308899406582383 0.183830684493394
0.198836755189639 0.417326593309749 0.22532112365671 0.158515527843903
0.21753535208398 0.33125128684206 0.177846164005804 0.273367197068156
0.278989675252362 0.301094563003837 0.154047381621886 0.265868380121915
0.325085587199188 0.359491287023305 0.142805866395165 0.172617259382342
0.215632593212505 0.236684079890895 0.262037498291349 0.285645828605251
0.291403977589273 0.118603065685775 0.520234600157801 0.0697583565671512
0.243899843430327 0.315531110697491 0.230918317579316 0.209650728292867
0.293078149888308 0.362217250634348 0.118195922792328 0.226508676685017
0.354965257455472 0.343602278125154 0.141081726903257 0.160350737516117
0.434402766006809 0.224605490726976 0.151764666975265 0.189227076290949
0.253800107443312 0.404526174913643 0.187649358307909 0.154024359335136
0.155202234676483 0.289498759449434 0.330427492408623 0.22487151346546
0.340928545833458 0.241784246702391 0.2827159902307 0.134571217233451
0.189492406372261 0.333210895550751 0.178035463368628 0.29926123470836
0.256079034958407 0.361991579407437 0.273849542124654 0.108079843509503
0.172509797030653 0.45418211104868 0.258639201553516 0.114668890367151
0.399290455351074 0.228670274007381 0.229364832968975 0.14267443767257
0.289772447845622 0.270453333821694 0.162502747868737 0.277271470463946
0.324376912239491 0.223566267420868 0.377585126081534 0.0744716942581068
0.290613631851236 0.244429408552445 0.375653673540758 0.0893032860555614
0.332209281162577 0.304570478426508 0.155009501455943 0.208210738954972
0.512647314826662 0.145518811493157 0.207767968784752 0.134065904895429
0.182467990799832 0.256805818364636 0.410934641447965 0.149791549387567
0.208069478359126 0.31313854802105 0.229107197694811 0.249684775925013
0.219056704202011 0.206733047540265 0.378590379156442 0.195619869101281
0.368500889146707 0.214853320562612 0.140905320885611 0.27574046940507
0.245539233063062 0.380921839263773 0.152725692890707 0.220813234782459
0.261800923716287 0.164474799156398 0.494786102923413 0.0789381742039013
0.251841755231316 0.367816016494452 0.232679424085376 0.147662804188856
0.240916509072625 0.22590465198235 0.351362773481664 0.181816065463361
0.287114546058582 0.307691021271308 0.119538446058108 0.285655986612001
0.367620096198457 0.230961223771065 0.25461343962593 0.146805240404548
0.409802808033983 0.220503645073111 0.0880697980855817 0.281623748807324
0.165715374075769 0.373755313149845 0.0925931852411449 0.367936127533241
0.314879801371355 0.266184578242039 0.2937133680673 0.125222252319305
0.366913578261771 0.251396158596144 0.236300818732746 0.14538944440934
0.203264554613138 0.157675019040623 0.439732925074553 0.199327501271685
0.219183978060262 0.245271739570198 0.202111851736176 0.333432430633364
0.211198258304901 0.150581113241175 0.314083903284873 0.324136725169051
0.376888578143139 0.104676563119362 0.401347948694012 0.117086910043487
0.246989998591328 0.40832266186647 0.116211024688918 0.228476314853284
0.316424070861005 0.368416597254648 0.115275915310304 0.199883416574043
0.148464463392672 0.150992768128681 0.416080402092449 0.284462366386198
0.259830083936627 0.353863657974401 0.196872772029628 0.189433486059344
0.275377438547443 0.272497039608772 0.295605822635457 0.156519699208327
0.117056522598126 0.183595947948793 0.544780673479915 0.154566855973166
0.0946947559107872 0.198595791240925 0.283515953858777 0.423193498989511
0.216309614930188 0.353533936195864 0.320423351184911 0.109733097689038
0.543443193892448 0.150240822704184 0.196906683098144 0.109409300305224
0.151745105652651 0.297808648717843 0.193396637015109 0.357049608614397
0.339181655680422 0.178651190793499 0.242566766892877 0.239600386633203
0.260956641696586 0.292438513429612 0.237921599582473 0.20868324529133
0.378148040626485 0.312971382057129 0.1757171457057 0.133163431610686
0.229063270176005 0.169101733098178 0.412187190683067 0.189647806042749
0.289025817351202 0.322344939159683 0.297345047026687 0.0912841964624274
0.241898448155264 0.192552487966453 0.505703497829124 0.0598455660491582
0.22011011817483 0.278749109306313 0.129651187001874 0.371489585516982
0.114905187399176 0.538043931533137 0.172981671921992 0.174069209145695
0.355292193437773 0.122198318026448 0.457856413381434 0.0646530751543444
0.360333546722096 0.238320409521456 0.217284318363396 0.184061725393052
0.180659170469775 0.434808702015856 0.245305247232482 0.139226880281886
0.252737061827355 0.426280506553318 0.162257800155975 0.158724631463352
0.23554988972434 0.206445160253067 0.301745822631906 0.256259127390687
0.471971126075642 0.205854727321103 0.106574352910243 0.215599793693012
0.373247687797615 0.0940458635104214 0.479809461979208 0.0528969867127556
0.31728757351016 0.285171885456288 0.245587823762357 0.151952717271196
0.312772223315374 0.246896898983147 0.153534534134468 0.286796343567012
0.446687887917218 0.273751871084855 0.146708060812551 0.132852180185376
0.335163806849896 0.193904457106291 0.378368140951677 0.0925635950921357
0.311215980908691 0.258725804851669 0.269742494369037 0.160315719870603
0.168364877020548 0.194732129266478 0.35584246659582 0.281060527117154
0.219387835609307 0.289206284218057 0.314149496577622 0.177256383595014
0.114107319122825 0.226751069018112 0.30664819744927 0.352493414409793
0.232040978765079 0.380385620007676 0.144791346861738 0.242782054365506
0.299025215985041 0.180414921310883 0.374456673355793 0.146103189348283
0.246368580600324 0.202260099673785 0.150996915276097 0.400374404449794
0.292352609098291 0.214080298657911 0.206990769290111 0.286576322953687
0.239127967627741 0.175771460930437 0.213903329458444 0.371197241983379
0.164429297407404 0.448578906832297 0.199209281201332 0.187782514558967
0.398920634872967 0.156263737019392 0.36599989119893 0.0788157369087118
0.270751251447219 0.395992569859068 0.125531538394987 0.207724640298726
0.356770814363624 0.244067508960519 0.183536825566342 0.215624851109515
0.278765889190813 0.304862392315143 0.236982151336102 0.179389567157942
0.288589464013396 0.324432080465385 0.27009475365414 0.116883701867079
0.316620709265676 0.303274743495201 0.251647872336976 0.128456674902146
0.24506170828882 0.158916608732544 0.410534652429056 0.185487030549581
0.326903060302682 0.299737245679479 0.161949298096813 0.211410395921026
0.187446117091068 0.148848119080089 0.502783183926219 0.160922579902625
0.226311909958448 0.400608400126962 0.108868556111115 0.264211133803475
0.223350323292507 0.29342674747069 0.208719178700257 0.274503750536547
0.237134522300768 0.267294726331282 0.233353387107327 0.262217364260623
0.413315434592569 0.226107615839533 0.125675400211053 0.234901549356844
0.266474239094398 0.325870437548506 0.179951083922849 0.227704239434246
0.157239194189565 0.30160214969964 0.160338290032498 0.380820366078297
0.140387491007928 0.44747824622825 0.197176760390456 0.214957502373366
0.211436766800302 0.434847128806502 0.190463090493041 0.163253013900156
0.277250986613475 0.200750312050313 0.197749471559923 0.324249229776289
