0.328944146728947 0.192921270727422 0.366869679288689 0.111264903254943
0.373187501147457 0.30670539694899 0.109860277222241 0.210246824681312
0.307945005257211 0.331690875974639 0.183895006877678 0.176469111890472
0.243333480989228 0.441203559568771 0.158686707804025 0.156776251637976
0.147298877374705 0.185001123275934 0.421402244596298 0.246297754753062
0.262348577456062 0.274833634705349 0.24032890913949 0.222488878699099
0.356126629703814 0.281209770346533 0.126647694870679 0.236015905078975
0.343628001556669 0.313165470907988 0.22169728283823 0.121509244697112
0.168791156401981 0.335385070048082 0.212112228806802 0.283711544743135
0.265904093400272 0.290196775850972 0.227166302863532 0.216732827885224
0.172558071642542 0.184377053543073 0.32470891340556 0.318355961408825
0.166882631164986 0.242625550989613 0.367463047749055 0.223028770096346
0.360333579620643 0.302953436406668 0.219950260890834 0.116762723081855
0.222060590605582 0.225555580591843 0.264195052500339 0.288188776302236
0.145580778454813 0.228330014815549 0.426714160515189 0.19937504621445
0.270854428963327 0.264460151179322 0.196334948990053 0.268350470867298
0.273970556632267 0.40179572489478 0.164663878292323 0.159569840180631
0.352648425872859 0.208492268869877 0.186788916562969 0.252070388694295
0.189418724359234 0.236654877981108 0.260946487905614 0.312979909754044
0.141514730487118 0.245370655181818 0.348666460160037 0.264448154171027
0.296006304456683 0.242150207249091 0.244245984951254 0.217597503342971
0.280605951574952 0.228711957535443 0.235655939549126 0.255026151340478
0.275699567281003 0.291606799230868 0.235084960885932 0.197608672602197
0.33419418428378 0.364581778343296 0.161065870147536 0.140158167225389
0.270592301275194 0.393017927389989 0.165853318617189 0.170536452717628
0.301807245974229 0.230569852086745 0.26203010620205 0.205592795736977
0.33097967246981 0.296741337472582 0.276800056806387 0.0954789332512208
0.429812922770336 0.332400310378323 0.0694471013546808 0.16833966549666
0.23702453393071 0.281911874027073 0.254305832502536 0.226757759539681
0.321739610965377 0.4222137299993 0.116786536595505 0.139260122439818
0.280075325456984 0.224236849147163 0.317275590344093 0.178412235051759
0.245065262794178 0.200351159224167 0.441757479206556 0.1128260987751
0.27637798604817 0.246135846956549 0.164161652478164 0.313324514517117
0.31902593930697 0.250640398341019 0.303870476041833 0.126463186310178
0.352660534156311 0.291831114849342 0.228522082981937 0.12698626801241
0.263769465884967 0.292504956043485 0.254587767942752 0.189137810128795
0.295369866733641 0.331837250160498 0.144059192011394 0.228733691094467
0.415028499293675 0.231401714350781 0.114367864647318 0.239201921708226
0.242458931407258 0.278731916621913 0.243161676666883 0.235647475303945
0.32826533067533 0.262043879255576 0.27310886884885 0.136581921220244
0.242045901740696 0.256249996822449 0.308040781681368 0.193663319755487
0.327134491156517 0.37425461959122 0.0985224594105268 0.200088429841737
0.325607901252895 0.239873799866027 0.323160248447557 0.111358050433521
0.291528788282465 0.33196552426315 0.17548091259356 0.201024774860825
0.275734001835536 0.28813595153774 0.269593892377835 0.166536154248889
0.238856547930878 0.196063924300706 0.440577190896608 0.124502336871807
0.281133321930961 0.354719662966651 0.25921351252103 0.104933502581357
0.286273487257951 0.312827211323179 0.20691502384111 0.193984277577761
0.248947557574569 0.220924829109475 0.312955606689089 0.217172006626867
0.239857663826236 0.331613748466576 0.234742643260775 0.193785944446413
0.23856387072548 0.41124870106381 0.192811283080924 0.157376145129786
0.289506055758662 0.176871709269752 0.408134859511641 0.125487375459945
0.244912397849529 0.275044978800915 0.331315472871882 0.148727150477675
0.273472422725759 0.222383642314965 0.364054211198982 0.140089723760295
0.25331158823131 0.276824169378983 0.271914435557887 0.19794980683182
0.275368722763477 0.279090920827913 0.165847659031005 0.279692697377604
0.347091736148535 0.35396382366793 0.13645150358953 0.162492936594004
0.153442772536054 0.237474286973024 0.42507992657053 0.184003013920392
0.274097715618568 0.225924452327234 0.303303576835956 0.196674255218241
0.361710513126772 0.319499759821509 0.128489261663006 0.190300465388712
0.315315152558503 0.367532927472643 0.153779884078321 0.163372035890533
0.336526313064709 0.234550980594151 0.271072476659051 0.157850229682089
0.403483231383878 0.186263441577544 0.272179813227764 0.138073513810815
0.272415004543501 0.216078951603672 0.378775258905333 0.132730784947495
0.298209600948049 0.272588096481247 0.162422210426621 0.266780092144082
0.28305405334793 0.382896091403403 0.196513793022542 0.137536062226125
0.323035877443383 0.240729273263585 0.303819795587238 0.132415053705794
0.269179280409347 0.226293088470555 0.243535306326745 0.260992324793354
0.286419354561502 0.225090747906895 0.321872848651304 0.166617048880299
0.296294027243339 0.216900215224828 0.179146589264754 0.307659168267079
0.324413703674097 0.303134005471036 0.140448525510541 0.232003765344327
0.297841271714198 0.359221641500827 0.172510768169513 0.170426318615462
0.285455657224183 0.2932520933459 0.221840851300245 0.199451398129672
0.288897230597825 0.363220530541871 0.182418010369072 0.165464228491232
0.188078931030027 0.28891203477087 0.234051034471384 0.28895799972772
0.396476696399968 0.258574235593604 0.243320158578472 0.101628909427957
0.325072156825967 0.260929197270199 0.274523170688239 0.139475475215596
0.241238435114012 0.313057384130503 0.254853831219889 0.190850349535596
0.250335208982086 0.279514811329055 0.176036826059957 0.294113153628902
0.233953663800216 0.223647749397205 0.33644137660274 0.205957210199838
0.249248989819734 0.284092137101481 0.172092027458188 0.294566845620596
0.289056351699298 0.324363381316955 0.20555514320123 0.181025123782518
0.232346764201459 0.358222498736358 0.177045526049822 0.232385211012361
0.342884560996252 0.213671819392713 0.314499128326019 0.128944491285016
0.265457551305475 0.315478809234616 0.219879111193925 0.199184528265984
0.189496246939621 0.215718970085209 0.357191356919961 0.237593426055209
0.324592201618243 0.282582778956456 0.1891676804298 0.203657338995501
0.418392784534605 0.287728560010816 0.185354688472509 0.10852396698207
0.224539551919009 0.254293836744784 0.22973570500741 0.291430906328797
0.32865556286188 0.203250043308842 0.332249629554444 0.135844764274835
0.218389776074096 0.232802898539739 0.333453409722068 0.215353915664097
0.200906838814003 0.285739419042486 0.291021197328861 0.222332544814651
0.37061454551872 0.272770917162702 0.136839617680606 0.219774919637973
0.193563228639325 0.300648366254225 0.193207726288386 0.312580678818064
0.277718927516153 0.236262601104371 0.188552334994021 0.297466136385455
0.243774110314935 0.210009206434107 0.4479579061149 0.0982587771360582
0.224984052392118 0.355566914129848 0.154189148040825 0.265259885437209
0.387025605880888 0.242563343426914 0.228727874464419 0.141683176227778
0.197582568056948 0.281936107406106 0.241741694196018 0.278739630340928
0.185604265234022 0.159288047721745 0.388191228667094 0.26691645837714
0.433091764361574 0.247536304850263 0.221451775380787 0.0979201554073768
0.286302090093701 0.353192176690163 0.155823118173012 0.204682615043125
0.302020727571697 0.234827193166139 0.192819703142021 0.270332376120144
0.106122806897997 0.204145857671127 0.381330519388703 0.308400816042174
0.224266520698819 0.283483535368925 0.244858209676805 0.247391734255451
0.337694870594049 0.378698148914022 0.129032236584865 0.154574743907064
0.204081256462556 0.287805121937725 0.288060383144857 0.220053238454861
0.373040202761562 0.240839906984468 0.237496242333899 0.14862364792007
0.252388887299721 0.239081452811655 0.277874214476785 0.230655445411839
0.31937121307594 0.311826572867778 0.127902243145394 0.240899970910888
0.206768095122323 0.30446595700009 0.269384977130003 0.219380970747584
0.249994232885498 0.22200867167654 0.380440021262075 0.147557074175887
0.188683551637223 0.266074268171136 0.298478714661892 0.24676346552975
0.375941394379533 0.279157127652179 0.172307800242579 0.172593677725709
0.282261822462596 0.203043321627621 0.392410854912805 0.122284000996978
0.284226940554151 0.299223264433791 0.195396397755794 0.221153397256264
0.36004544232493 0.306806888629082 0.20321294192922 0.129934727116767
0.304194571752606 0.287971227237114 0.234912907138132 0.172921293872148
0.359638637353464 0.369828619074087 0.135270162475649 0.1352625810968
0.282692433700722 0.333584020619608 0.131451868189588 0.252271677490081
0.281794532103655 0.214150625907163 0.277109609124238 0.226945232864943
0.21114247957709 0.308807382197109 0.223273604718481 0.256776533507319
0.266063855858981 0.268599124180429 0.204638532718099 0.260698487242491
0.341854361050452 0.281626225549599 0.252061890241172 0.124457523158777
0.27892581111748 0.333075195739681 0.142340909521918 0.245658083620921
0.364701499555948 0.277135876811538 0.233476403305883 0.124686220326631
0.252462487684948 0.173062680374298 0.439700471307636 0.134774360633118
0.407240963734465 0.256143225595019 0.200163851182275 0.13645195948824
0.25150721725858 0.279925163022208 0.251069682234532 0.217497937484679
0.336749560367657 0.322174260151493 0.132149091222634 0.208927088258216
0.132912050814456 0.167006790394377 0.391344575872594 0.308736582918573
0.0969839095188536 0.151271631467716 0.470352375195091 0.281392083818339
0.289179353046506 0.276433761347864 0.186160080389114 0.248226805216516
0.247609730306045 0.340291944648597 0.187430916743365 0.224667408301993
0.312751361997491 0.228731152584731 0.316947481521706 0.141570003896073
0.257550445100577 0.316335335855802 0.169970615881732 0.256143603161889
0.265925576090334 0.237933052590021 0.361173042240564 0.134968329079081
0.294424871076022 0.250018264787122 0.317006347154937 0.138550516981919
0.210881504082316 0.198141325065382 0.433873491823354 0.157103679028948
0.380098665715119 0.323984636635826 0.187833449987439 0.108083247661616
0.33364766600901 0.265146786653861 0.266719331643189 0.134486215693941
0.268686855280793 0.271722100707117 0.156046621014389 0.303544422997701
0.281267100239602 0.279271606740577 0.191731343332334 0.247729949687487
0.2594623028811 0.235957135879201 0.228270867633782 0.276309693605917
0.2805538625061 0.322896829841026 0.205177341565164 0.191371966087711
0.195040697679347 0.145514793040024 0.496901001010766 0.162543508269862
0.310116942296662 0.322580198720397 0.180813851319935 0.186489007663006
0.251757697926388 0.265243379814618 0.354058652183324 0.12894027007567
0.264301007801184 0.332305085428965 0.235316000487278 0.168077906282574
0.214318866645216 0.231441050834086 0.250827680421963 0.303412402098735
0.174184531013308 0.218974439395237 0.334288434170851 0.272552595420603
0.194016816097926 0.334501277642371 0.291119046799485 0.180362859460218
0.214164622224088 0.187172538629453 0.457341060355879 0.14132177879058
0.237263735542296 0.291890278368467 0.186912391946675 0.283933594142561
0.279961676732717 0.23369404683261 0.252053546384556 0.234290730050117
0.235770612409874 0.307309072471912 0.256122319650841 0.200797995467373
0.258381727419949 0.29836840849751 0.219610632446693 0.223639231635848
0.240144158288683 0.261928306634641 0.226768376314245 0.271159158762432
0.256253153455072 0.339719828264109 0.240971586979436 0.163055431301383
0.226824402407811 0.26939922705066 0.249415324699884 0.254361045841644
0.326752272495748 0.222541574527757 0.327357197736888 0.123348955239607
0.28353154603271 0.190808318651987 0.412195694740494 0.113464440574808
0.342144821085394 0.33482012031905 0.15467535900846 0.168359699587095
0.190453513466725 0.21106689910286 0.461039782558419 0.137439804871996
0.204925924557235 0.220627993946002 0.263673521147429 0.310772560349334
0.353891902185062 0.334751407291189 0.127859177917556 0.183497512606193
0.367000809130341 0.246474514969847 0.263118966172238 0.123405709727574
0.26942556473219 0.264748834476456 0.240593927480095 0.225231673311259
0.2760936583062 0.282156581459779 0.198864904053139 0.242884856180881
0.260047474640721 0.205058911648885 0.354819395658241 0.180074218052153
0.23141787266977 0.277396635979683 0.160791808675118 0.330393682675429
0.362315821703316 0.263319890435514 0.174372551539569 0.199991736321602
0.277191779105727 0.268977420220369 0.246133137056549 0.207697663617354
0.221917213421963 0.291611104062078 0.214021978410337 0.272449704105623
0.284621537651815 0.200151752397551 0.378692216241939 0.136534493708696
0.217510563459978 0.247597746254233 0.233270184170818 0.301621506114971
0.226270513273242 0.217725841961064 0.314480951605601 0.241522693160093
0.202723559010782 0.290761541515658 0.2454130426755 0.26110185679806
0.283811313667892 0.289865341733214 0.228448079437083 0.197875265161811
0.307114049344051 0.309007497525882 0.142614027536873 0.241264425593194
0.202858038103113 0.188749183233442 0.270280345224256 0.338112433439189
0.267523644078454 0.235133449258959 0.247967799278347 0.249375107384241
0.323972386009225 0.303661208157093 0.237000971527442 0.135365434306241
0.300551507978258 0.226870281904195 0.336931163171015 0.135647046946532
0.227269165279757 0.240227567884089 0.253261718938268 0.279241547897886
0.290836517458311 0.315050651255057 0.214141478361913 0.179971352924719
0.378235991909743 0.240032925233081 0.119971998162532 0.261759084694645
0.182424576347574 0.345477732066552 0.206279022837278 0.265818668748596
0.329507213732627 0.347838592521924 0.174040764778146 0.148613428967303
0.143368697268694 0.188826266967718 0.342636026942038 0.32516900882155
0.200191456302548 0.339471591845634 0.270027093208519 0.190309858643299
0.38469259326381 0.302465089812351 0.109495057769671 0.203347259154169
0.29033298013179 0.198499204158039 0.364328692915022 0.14683912279515
0.286710059765746 0.33684086599577 0.15751139307589 0.218937681162594
0.409027006111532 0.284759146709575 0.211413219841033 0.0948006273378603
0.112079438694381 0.222536849422628 0.401333578310752 0.26405013357224
0.372734843037527 0.267013220437668 0.145704993630393 0.214546942894412
0.284285105364905 0.224561164847463 0.350158038911293 0.140995690876338
0.117053692836056 0.172297995512225 0.452427053339438 0.258221258312281
0.298816227274717 0.295010799110797 0.160259949846583 0.245913023767903
0.423193968833523 0.278691893913253 0.107509656482003 0.190604480771221
0.324993254297026 0.406871031654893 0.137655503302249 0.130480210745832
0.270240412650601 0.238690180335249 0.380059645780463 0.111009761233686
0.235655493293753 0.377451253527029 0.211768759662061 0.175124493517157
0.237868305534779 0.304914464879487 0.196792272477319 0.260424957108415
0.288069593291241 0.310648348141429 0.179099497388218 0.222182561179112
0.305817148713338 0.346976779521405 0.113594763920181 0.233611307845076
0.211783427561354 0.274093603763637 0.25685067879552 0.257272289879489
0.211236594013573 0.178207216838727 0.498969376426683 0.111586812721017
0.253553186648944 0.362451547375233 0.196720586902061 0.187274679073762
0.29564333720256 0.361023214074203 0.129566033926146 0.21376741479709
0.343931752945696 0.366199542576163 0.137383686208025 0.152485018270116
0.314160373819674 0.296824506061592 0.126611703540946 0.262403416577788
0.252043392651936 0.326337288063276 0.208066440229086 0.213552879055702
0.186626266114457 0.225610215600887 0.341974350376519 0.245789167908136
0.343348523948873 0.239131776054424 0.2990552626211 0.118464437375604
0.275612111034794 0.250160486390417 0.207186259412493 0.267041143162297
0.23000284624195 0.376364134553431 0.223873938320145 0.169759080884475
0.292013558807033 0.306536735358101 0.289163297315681 0.112286408519185
0.349254994886059 0.283879169547438 0.243191252064621 0.123674583501882
0.289476129194232 0.305661810742156 0.156411931280469 0.248450128783143
0.290386899430925 0.301846735929716 0.288037011326571 0.119729353312788
0.293203413003648 0.221358198482895 0.362128696838923 0.123309691674534
0.316455703780698 0.286098220770136 0.135836202912369 0.261609872536797
0.376063573224273 0.279277857442229 0.196588736168256 0.148069833165242
0.182869673531346 0.214300013558015 0.476968828907476 0.125861484003164
0.280390096132585 0.255620851242787 0.198027339565183 0.265961713059445
0.175500619404185 0.265889745118836 0.306721905918526 0.251887729558453
0.299982729381325 0.273765040885812 0.163884280941834 0.26236794879103
0.297435150828161 0.371924568397969 0.173381668409398 0.157258612364473
0.279398907507881 0.18040881082833 0.410078365424692 0.130113916239096
0.230374360631038 0.348893277308864 0.194921012152992 0.225811349907107
0.219384972314601 0.27825346823004 0.301614872334428 0.200746687120931
0.309274276782513 0.311411961530092 0.124826562802178 0.254487198885217
0.381374183602917 0.23758777649098 0.251439886057107 0.129598153848996
0.344559637747683 0.293674568267097 0.0821613269000359 0.279604467085185
0.245602891296088 0.292059615804657 0.153001384563194 0.309336108336061
0.321362640217026 0.271808916633014 0.285289142063738 0.121539301086222
0.314266375703857 0.291186162074063 0.241636008037989 0.152911454184092
0.212508774613983 0.139893083166138 0.527866974093651 0.119731168126228
0.180634352802653 0.328417599057419 0.239316731955087 0.251631316184841
0.182225814841413 0.194152929887827 0.322697222834803 0.300924032435957
0.275974301163081 0.176434154336593 0.398583079067906 0.149008465432421
0.30876014458563 0.313917745541708 0.146018342851027 0.231303767021634
0.330823415902442 0.359302668526412 0.111806367089921 0.198067548481225
0.130967491944 0.19130795958573 0.41280576616876 0.264918782301511
0.265861239130789 0.285629473656682 0.196236862742205 0.252272424470324
0.221229180283535 0.286078575237243 0.259816583159136 0.232875661320086
0.140885651302503 0.146408296022666 0.589451946065001 0.12325410660983
0.137527557151327 0.15774564142325 0.372340095598012 0.332386705827411
0.271657694625005 0.266170688413537 0.343433801717126 0.118737815244331
0.297717018152591 0.362482709548998 0.154885378625431 0.184914893672981
0.262274008616613 0.287773254466482 0.224625530905129 0.225327206011777
0.279947437419272 0.275325751414483 0.187748803887623 0.256978007278621
0.270445832342471 0.272118745941798 0.259911560507602 0.197523861208129
0.409428088535826 0.24128313600326 0.225601858983535 0.123686916477379
0.225750317254368 0.19939102931381 0.332581799061626 0.242276854370195
0.376364776445769 0.202916513369893 0.320329772131982 0.100388938052356
0.241456716212211 0.204727488725252 0.453804707081814 0.100011087980724
0.296941693119768 0.253957820178363 0.184121517565051 0.264978969136818
0.241144218621815 0.325226324415911 0.239106732089106 0.194522724873168
0.248186823355955 0.211275014101304 0.440331542976014 0.100206619566727
0.267933462933541 0.282590108175083 0.187921172319811 0.261555256571565
0.279593549235036 0.317851437903974 0.2367283399042 0.16582667295679
0.273913974502775 0.383395809408018 0.140082614820076 0.202607601269131
0.223925905721951 0.245637615963825 0.251374643297564 0.27906183501666
0.348118300770145 0.288658047412171 0.108905836229059 0.254317815588625
0.290290586409788 0.248131515209504 0.353464618946191 0.108113279434517
0.273973952319344 0.321073611546117 0.202586988644475 0.202365447490065
0.295866427641161 0.270123996716586 0.193715515889507 0.240294059752746
0.336364201618366 0.347422554126022 0.153454462959042 0.16275878129657
0.316689244781988 0.219227520021447 0.33202876635466 0.132054468841906
0.240149542399101 0.329862231990967 0.189575854361823 0.240412371248108
0.157701768508874 0.204704072523564 0.326413372469993 0.311180786497569
0.199527770593753 0.286895383018527 0.281983673657596 0.231593172730124
0.1422207769724 0.199967900584415 0.33397881168188 0.323832510761305
0.305529299062011 0.272482314749809 0.205999927076154 0.215988459112026
0.262322967699818 0.226606147149475 0.328576691315198 0.182494193835509
0.271314714991363 0.276939629516531 0.176938506356947 0.27480714913516
0.255417521383164 0.289577432527623 0.209644381570056 0.245360664519158
0.213444501997941 0.235999942888747 0.264748822786494 0.285806732326818
0.266218235344236 0.306950280022152 0.274800064351296 0.152031420282316
0.271243257697598 0.288163972671862 0.318636407205077 0.121956362425463
0.367957902056204 0.307771858931429 0.146791954403056 0.177478284609312
0.29851000973116 0.29969358349663 0.160928720235817 0.240867686536393
0.257219546801305 0.326117402892152 0.183049279739301 0.233613770567242
0.303759771834264 0.234214635026664 0.316792921709138 0.145232671429934
0.31300899585073 0.311628762165787 0.262162164715001 0.113200077268482
0.210087071740503 0.189143566376259 0.349113303772035 0.251656058111203
0.355793427255041 0.320735958438584 0.170740331428387 0.152730282877989
0.172723575222061 0.179486465128189 0.392752062340607 0.255037897309144
0.288153955671838 0.357378293655697 0.137092350833711 0.217375399838754
0.215416530854266 0.332926513734115 0.233472251139249 0.21818470427237
0.212239129880867 0.284301902973174 0.225593732515986 0.277865234629973
0.376311908842438 0.243143644895791 0.142292427568305 0.238252018693466
0.278914998728261 0.272832660513884 0.180353929362603 0.267898411395252
0.195049765618509 0.275337379898157 0.233704590003127 0.295908264480207
0.207578048573212 0.343874895726948 0.215637813343632 0.232909242356208
0.254707572040997 0.347359127649455 0.218831940442943 0.179101359866604
0.282146035117397 0.221818195073991 0.178861890501459 0.317173879307154
