0.344305875732149 0.184038937293509 0.365584696822997 0.106070490151345
0.441914085092358 0.264906196607758 0.110925459308201 0.182254258991683
0.343007052563652 0.300975293918026 0.21061277168174 0.145404881836582
0.247953949129434 0.43501936860384 0.171272029947276 0.14575465231945
0.115256883444358 0.198044439490291 0.456866754183796 0.229831922881555
0.193836994522262 0.324401852415234 0.213714329567595 0.268046823494909
0.452799253995393 0.227286055718586 0.132491023790973 0.187423666495048
0.291628331815448 0.360181438016109 0.201085328663337 0.147104901505106
0.222606502516832 0.296723165331504 0.225966784286263 0.2547035478654
0.295082554100938 0.27057738653099 0.234802643181458 0.199537416186614
0.190441768784984 0.177563581391551 0.300516133215087 0.331478516608377
0.127010326941296 0.270135050581981 0.376596501096471 0.226258121380253
0.350103121384221 0.297468547900228 0.25065016043335 0.1017781702822
0.175689027559164 0.254253017208899 0.247685398242242 0.322372556989694
0.161536500220892 0.192846452153535 0.498949814546331 0.146667233079241
0.28184048741673 0.258585140227025 0.191205230983519 0.268369141372726
0.319356339467571 0.367974688584334 0.158731884747498 0.153937087200597
0.308234441659506 0.228971801832943 0.159624664814754 0.303169091692796
0.192997516661369 0.235477614756656 0.244740386656447 0.326784481925528
0.113991416482264 0.265504114155669 0.355542105280732 0.264962364081335
0.218092529710975 0.293556889535174 0.211950612646271 0.27639996810758
0.240089218046928 0.252526280631834 0.226595531732553 0.280788969588685
0.224577701496198 0.331850820629701 0.174977855580038 0.268593622294064
0.393856830084377 0.322044453139356 0.153915671240108 0.130183045536159
0.29987959171266 0.363445362750979 0.196232279345489 0.140442766190872
0.405295028538077 0.165488067534233 0.29434678051167 0.134870123416021
0.368787899989313 0.246406418861964 0.314582576435059 0.0702231047136642
0.4176209944439 0.343411779547689 0.0742603637428947 0.164706862265516
0.211790541318909 0.299045036711916 0.257684500553406 0.231479921415769
0.273954444619583 0.461721427227393 0.101321411432664 0.16300271672036
0.273062876778128 0.234447242126121 0.296031122246631 0.19645875884912
0.213324219403879 0.213344212861333 0.461254308875887 0.112077258858901
0.261116683899998 0.257426769882213 0.18536745089204 0.296089095325749
0.338306279660087 0.252459328722239 0.265578623817878 0.143655767799797
0.322709762063377 0.314296588680804 0.227837928397548 0.135155720858271
0.301807588397299 0.270998674752092 0.240368926171631 0.186824810678977
0.32219145274986 0.314523888159886 0.16558480965985 0.197699849430404
0.350321492841278 0.266025563456419 0.113592840080766 0.270060103621537
0.222432134222631 0.294986580247013 0.204642862241727 0.277938423288629
0.289874536308127 0.301139127644279 0.234010931706935 0.17497540434066
0.256412865285824 0.245930422569064 0.313569873731568 0.184086838413544
0.276812949875483 0.409527917653416 0.0917328285011485 0.221926303969953
0.261278417535424 0.314120535205496 0.245607078976715 0.178993968282365
0.339152056384064 0.301104650208171 0.164295955270852 0.195447338136913
0.274985867864291 0.276185798386736 0.306655726753038 0.142172606995935
0.24827420576149 0.172589142537239 0.479636551860291 0.0995000998409802
0.283579993625004 0.321591650674162 0.315400895114923 0.0794274605859107
0.354029762945255 0.265683719727402 0.218547947778899 0.161738569548444
0.315826066649681 0.178943541292428 0.335530648832954 0.169699743224936
0.339522042383251 0.248951662186243 0.279432011021846 0.132094284408659
0.1985690484736 0.451563383635156 0.161214908898583 0.188652658992661
0.258777143875795 0.209306107075816 0.371095747198109 0.160821001850279
0.233049334159642 0.270085905695343 0.365016476154716 0.131848283990299
0.286200701110875 0.202521044665483 0.393041837036383 0.118236417187259
0.194115835276451 0.324886592015598 0.238408192959652 0.242589379748298
0.228925332131865 0.309943592252879 0.176881830247034 0.284249245368222
0.418649328467706 0.299956044590515 0.154078527530465 0.127316099411314
0.154026831857059 0.254609116933764 0.366711810355066 0.224652240854111
0.223521306445257 0.264894878071759 0.262635080737999 0.248948734744985
0.448910570687671 0.263438661901988 0.130349776542718 0.157300990867622
0.41498366468003 0.295706889979632 0.15489735621376 0.134412089126578
0.297392125970525 0.243111071339045 0.320858727150973 0.138638075539457
0.383545714591037 0.18500265075877 0.310308567541585 0.121143067108609
0.225297492699345 0.239632957636414 0.399621895970529 0.135447653693712
0.233973287057582 0.307203401124059 0.136591757456657 0.322231554361702
0.292455455992836 0.373219030649906 0.204069621506917 0.13025589185034
0.322817193971146 0.227026767773012 0.337521020829267 0.112635017426575
0.271825616219279 0.22252949830665 0.268442121847144 0.237202763626928
0.255770054340691 0.243123225710894 0.327344558396622 0.173762161551793
0.267430504204478 0.231357753339967 0.175452278873774 0.325759463581781
0.296547625880746 0.322909278158719 0.167428431982384 0.21311466397815
0.295509717263454 0.363601273810807 0.153910397493154 0.186978611432585
0.23657979058121 0.326932603319329 0.225877883366914 0.210609722732547
0.28240184360686 0.366156113336478 0.193508715746473 0.157933327310188
0.188810737626605 0.289211749927645 0.226632191260594 0.295345321185157
0.360537813436357 0.28112620671943 0.252119816859287 0.106216162984926
0.273763568158738 0.307376369158399 0.240448707812146 0.178411354870717
0.259292185579717 0.303609690793527 0.242739737495695 0.194358386131061
0.197870309106673 0.3132002820498 0.170635606305827 0.3182938025377
0.273991245140307 0.179007795141153 0.406491441135412 0.140509518583128
0.305303496332241 0.252686475691702 0.190709456482157 0.2513005714939
0.290084423661234 0.318767994618668 0.22783206172821 0.163315519991887
0.241499491417472 0.351128812912651 0.153990352247221 0.253381343422656
0.381315958425678 0.154079996335621 0.391309228804141 0.0732948164345598
0.310099849425277 0.270648336261522 0.273296840419249 0.145954973893952
0.164431095319915 0.239912754977015 0.307202638469741 0.288453511233328
0.365341293687136 0.259777929528379 0.151422774429873 0.223458002354612
0.407440258713074 0.303816480193056 0.161295932878359 0.12744732821551
0.204379756010565 0.266405100794141 0.202198557446267 0.327016585749027
0.296553108266722 0.204479585556114 0.380570670400444 0.11839663577672
0.216262128296796 0.228466516478415 0.357607584307981 0.197663770916808
0.167993458260724 0.317692864754516 0.240050028404566 0.274263648580194
0.356016361666813 0.280803160572647 0.128024590536388 0.235155887224152
0.112344406732259 0.346905727132539 0.128154260508696 0.412595605626505
0.362678401984505 0.194852897951747 0.196227123169168 0.24624157689458
0.227711226718228 0.220433600479441 0.450696227068777 0.101158945733555
0.164184653312889 0.401403197272757 0.140942870702672 0.293469278711682
0.312224706444464 0.294160206863546 0.221650724260664 0.171964362431326
0.17101845552857 0.300331452037491 0.251495298249626 0.277154794184313
0.168217777859387 0.163605212375102 0.416828241509334 0.251348768256177
0.375974591926432 0.277095930123596 0.248344772849882 0.0985847051000905
0.302990897164825 0.34166375918509 0.160308315788186 0.195037027861899
0.360568200822378 0.205105116919953 0.166929698789556 0.267396983468113
0.137074016825159 0.184253975171482 0.385359186951922 0.293312821051438
0.165472753326628 0.326815547315909 0.197195187494254 0.310516511863209
0.363251934369104 0.360196140539362 0.125619313272732 0.150932611818802
0.164579873734448 0.32080829115306 0.270827400732696 0.243784434379797
0.338839358352083 0.269031646385952 0.212911588500101 0.179217406761864
0.244700843067902 0.244650684759184 0.274833184439186 0.235815287733728
0.405013807785893 0.260940593385554 0.133952080395464 0.200093518433088
0.251022760460028 0.272181901534247 0.279810150930004 0.196985187075721
0.258356825365609 0.223461333151385 0.362741111344602 0.155440730138403
0.133333039318207 0.313180427355162 0.23141335808862 0.32207317523801
0.356173079142305 0.293583433132638 0.161229155650621 0.189014332074436
0.265811964591925 0.1983957915404 0.427688022491165 0.10810422137651
0.220719225326583 0.343755683456019 0.19455517367294 0.240969917544458
0.334876717755742 0.329070435950169 0.192064543514674 0.143988302779415
0.407213836016685 0.211923154740903 0.263586684847609 0.117276324394803
0.29066612159863 0.425189316470445 0.109512279273504 0.174632282657421
0.327937861498722 0.30383857791524 0.125794336620184 0.242429223965854
0.282724190937621 0.219789967548234 0.214131655497378 0.283354186016767
0.17847019379359 0.328044698356472 0.264633407720477 0.228851700129461
0.194354135935037 0.314665293187015 0.184104712978512 0.306875857899436
0.356967786552697 0.278089017358746 0.23416416373222 0.130779032356338
0.352086647512511 0.286472529567276 0.167818251368091 0.193622571552122
0.20965512420093 0.381548878896779 0.271423086235677 0.137372910666614
0.314271498122041 0.147695205641145 0.414746392554376 0.123286903682437
0.405445370948332 0.237832895463946 0.253790390299008 0.102931343288714
0.275461385659693 0.265509446885223 0.248587530408941 0.210441637046143
0.391363498968643 0.286371398872 0.154944962943374 0.167320139215982
0.156290353469013 0.145285972266576 0.45601775210342 0.242405922160991
0.0817712366672071 0.157959901478895 0.491603058619121 0.268665803234776
0.405181531749851 0.211944102903944 0.183783770591863 0.199090594754341
0.312570392622791 0.296773959038092 0.184459856727607 0.20619579161151
0.385930691138265 0.180563384561088 0.324018518598662 0.109487405701985
0.303455474231497 0.285457982737456 0.204837681955473 0.206248861075574
0.32395443248206 0.194143210261706 0.374434961648309 0.107467395607925
0.351525649435691 0.213445384889817 0.31499944415043 0.120029521524062
0.181473595819402 0.209127061195977 0.456832630945944 0.152566712038677
0.333319628845334 0.3596346004297 0.19085755548519 0.116188215239776
0.365708243945369 0.262047379566789 0.208301800773297 0.163942575714544
0.26148736431527 0.277426813784721 0.161646437439457 0.299439384460551
0.277024457904901 0.28091766446754 0.160976893487821 0.281080984139738
0.232680990188922 0.25038516955055 0.18959638346515 0.327337456795378
0.187451821308208 0.396430127870736 0.181978941629399 0.234139109191656
0.157714243352071 0.164180441342803 0.505161208593884 0.172944106711243
0.297472372624374 0.332511911724684 0.176007270251351 0.194008445399591
0.259249120233314 0.248107759265492 0.380058748980309 0.112584371520884
0.318344308359612 0.303280229924315 0.196794253387585 0.181581208328488
0.211750626739928 0.233342665751783 0.218932256585816 0.335974450922474
0.148344398668285 0.240227184043448 0.295094683030864 0.316333734257403
0.159198274228206 0.36526628318218 0.286211467208061 0.189323975381553
0.277000787383985 0.146437761131327 0.466357790227678 0.11020366125701
0.173527495422341 0.337600010266532 0.206839021547186 0.282033472763941
0.313254125904349 0.217913372853791 0.235989521763598 0.232842979478263
0.235749478599253 0.306240138556139 0.262970339459953 0.195040043384655
0.281826806634142 0.285353320311063 0.16532112564548 0.267498747409315
0.284285342189506 0.237791670523688 0.209888288523039 0.268034698763766
0.230741614048114 0.365643187378584 0.219271056500491 0.184344142072811
0.20900174993589 0.280817990603695 0.255673007410284 0.25450725205013
0.308445138791788 0.259163517424088 0.255401983174911 0.176989360609213
0.357712763119965 0.145025996582852 0.411684308129633 0.0855769321675499
0.289523935283354 0.374284089528649 0.14300263276846 0.193189342419536
0.237826708877604 0.194682599281274 0.425445029771161 0.142045662069961
0.289880637776986 0.170515479331413 0.32494226882105 0.214661614070552
0.257488533414377 0.40367916491537 0.116033866372819 0.222798435297434
0.27066851349594 0.32407751095682 0.232820707671378 0.172433267875862
0.25555471245948 0.269102647945364 0.268308372385349 0.207034267209806
0.236286148488513 0.308422286327845 0.200826318637037 0.254465246546605
0.318350664124106 0.139537972586542 0.444257091030625 0.0978542722587272
0.228597275430953 0.28099386158769 0.167783123153149 0.322625739828208
0.455787165027482 0.208748049374774 0.17958719400736 0.155877591590384
0.262651714432347 0.269983736564469 0.284753863647708 0.182610685355476
0.242964564328915 0.277312716387809 0.233650007529196 0.24607271175408
0.248722717438195 0.200259914227408 0.434522836355093 0.116494531979304
0.208103078059355 0.252569681266908 0.200656154764427 0.338671085909309
0.216362229570519 0.227128609753974 0.293278077949269 0.263231082726239
0.145369991673279 0.331924431843247 0.179966833114696 0.342738743368778
0.294202133192419 0.282962730175538 0.231200530091839 0.191634606540204
0.389570845101105 0.259574409995374 0.151799770990886 0.199054973912635
0.182865190821917 0.198317779772337 0.230821670313077 0.38799535909267
0.312921197763893 0.201451289005866 0.298983505179026 0.186644008051216
0.28905179656899 0.327463370715739 0.243888767991137 0.139596064724134
0.28863704915961 0.253392182882077 0.282198557728101 0.175772210230212
0.264564826349123 0.21905171062618 0.263132774140278 0.253250688884418
0.239400523181713 0.357140630806275 0.181310140851415 0.222148705160597
0.345115709068246 0.26138927469726 0.134522511528211 0.258972504706283
0.230033469766937 0.31021297205414 0.223630810237131 0.236122747941793
0.303679781831316 0.36948163030671 0.16585141236261 0.160987175499364
0.111982727859575 0.211352690026231 0.291744497632175 0.384920084482019
0.120841269359296 0.420339780931475 0.185867039942828 0.272951909766402
0.317844694616793 0.340729422744248 0.0932599200122018 0.248165962626758
0.329745912612572 0.180850519341574 0.349727706827472 0.139675861218383
0.299820252136434 0.327788350833483 0.172719907481938 0.199671489548146
0.492724589894798 0.245960847879138 0.15794348303297 0.103371079193094
0.12788003843473 0.198136855861231 0.460011983359432 0.213971122344606
0.320367017929096 0.299954490246263 0.166087791815418 0.213590700009222
0.30078986306132 0.211934744130595 0.356255256037254 0.131020136770831
0.089083047711809 0.194511908683959 0.438069498154373 0.278335545449859
0.291667478596669 0.298403650328613 0.203918435030861 0.206010436043857
0.389199534966157 0.300777146704646 0.109867350934887 0.20015596739431
0.370764797465768 0.35590172262285 0.17947024859563 0.0938632313157524
0.241721829892385 0.284810513228122 0.321775059613468 0.151692597266025
0.164016353135943 0.444472976131818 0.167071465411663 0.224439205320576
0.248120002372861 0.296134243995326 0.229984898592296 0.225760855039517
0.246081994102652 0.335893912823892 0.137873050585394 0.280151042488062
0.348257303094668 0.321941708516448 0.13351773981158 0.196283248577305
0.218446415906862 0.265750165957657 0.286487576316184 0.229315841819297
0.279627647010904 0.140403947362654 0.488632476500413 0.0913359291260293
0.205105791726346 0.403696327479907 0.175425758071171 0.215772122722576
0.306512599777869 0.350126700034231 0.110562418024105 0.232798282163795
0.34952159159524 0.359441626667629 0.154470957887869 0.136565823849262
0.37045279479027 0.266326248802481 0.141752019907122 0.221468936500127
0.354332064775277 0.25656540155771 0.221088924089026 0.168013609577987
0.179148868282241 0.222673045735315 0.378984921627897 0.219193164354546
0.36390504710401 0.227764886228741 0.29391601433175 0.1144140523355
0.278638582960314 0.246016997194517 0.244349060917764 0.230995358927405
0.263598813344597 0.331431526263936 0.276473288985754 0.128496371405713
0.204097419766248 0.37070911892432 0.304501800426348 0.120691660883084
0.337134239043606 0.302372619914839 0.216484418565945 0.144008722475609
0.246653784432879 0.334166040848355 0.152704350623903 0.266475824094863
0.285277484614514 0.284818723348925 0.331214493652632 0.0986892983839284
0.318029120153372 0.188792819641449 0.397776115555612 0.0954019446495669
0.286459950040767 0.304656712347977 0.134653632042685 0.274229705568572
0.440204228123902 0.230965219310783 0.215364254062022 0.113466298503292
0.181071610945908 0.218321238088194 0.471605497975587 0.129001652990311
0.233765298384168 0.284013981322787 0.214916399260464 0.26730432103258
0.194497110908947 0.253698743797143 0.306905313523963 0.244898831769948
0.36027979205247 0.240145828034412 0.158471209281395 0.241103170631723
0.226389144645761 0.431834753846925 0.135375832868529 0.206400268638785
0.284575991229782 0.160383873346463 0.451342820469333 0.103697314954422
0.252774778427716 0.330146884137729 0.217687130406099 0.199391207028457
0.235721651434169 0.258163068538877 0.333739556544509 0.172375723482445
0.264864009211558 0.338920283409781 0.118245434153343 0.277970273225317
0.398260990865636 0.223095512499671 0.261595673153571 0.117047823481122
0.372571971195128 0.278814703787961 0.0829507318625924 0.265662593154318
0.250182760693951 0.282345449342625 0.126520764005726 0.340951025957698
0.288784571386417 0.288534174909307 0.302244792548173 0.120436461156103
0.313879150161774 0.289763291293659 0.248245664267597 0.14811189427697
0.208331707213958 0.165212134417199 0.463676159891127 0.162779998477716
0.190163583973029 0.323377409714042 0.221330331326341 0.265128674986588
0.208585046128615 0.179872390972417 0.333447341088665 0.278095221810303
0.334023316758087 0.15242502541194 0.37669972044046 0.136851937389513
0.266240261263414 0.337864837094003 0.121894653736412 0.274000247906172
0.297084859292782 0.385186958797509 0.116739067043204 0.200989114866505
0.140850287426137 0.180275274424313 0.439976469878374 0.238897968271175
0.26670535127585 0.285711270221545 0.193556669554115 0.25402670894849
0.26657468730039 0.254121230328814 0.275995549082767 0.20330853328803
0.130801252637634 0.165795802532261 0.556427046302825 0.14697589852728
0.110324278794584 0.175925974410774 0.32718120766358 0.386568539131062
0.25771484726356 0.275981216083742 0.345256617835763 0.121047318816935
0.454177370896983 0.244097417609365 0.193542333225138 0.108182878268514
0.154945315845863 0.365963560019145 0.171787116690816 0.307304007444175
0.348829378078148 0.232248919185165 0.224894638109049 0.194027064627638
0.29021954246922 0.266046145644716 0.227206180297782 0.216528131588282
0.381161673844318 0.261777219669763 0.221821566974736 0.135239539511183
0.22289591567713 0.194978729207313 0.364663332640169 0.217462022475387
0.358188265862418 0.213836876500641 0.323623516578223 0.104351341058718
0.265674500875093 0.187049524826437 0.456116835057913 0.0911591392405566
0.220115846156623 0.292010983703471 0.138302887275233 0.349570282864673
0.196914522614838 0.356540590961565 0.251818791581291 0.194726094842307
0.325920324128393 0.17420297692747 0.409579329680625 0.0902973692635114
0.339548461934287 0.240308437263965 0.204033043770587 0.216110057031161
0.218511090268037 0.357306031584805 0.261060970093498 0.163121908053661
0.264082357313668 0.391576006814096 0.148166866460537 0.196174769411699
0.227581546700811 0.242313485888967 0.269393901789468 0.260711065620753
0.442663956799836 0.238300570282738 0.125055011034256 0.193980461883169
0.314266938257197 0.19905550547958 0.413168578595927 0.0735089776672958
0.296687929946183 0.295917106055699 0.246228714779522 0.161166249218595
0.323118687455174 0.254985001172875 0.183164511511189 0.238731799860762
0.429694599715017 0.284639238943521 0.138886253157627 0.146779908183835
0.319504999744182 0.206140336163519 0.360020478921658 0.114334185170641
0.264234645276553 0.311520826127641 0.213881383598291 0.210363144997515
0.169620697748058 0.198788411370594 0.32258594554404 0.309004945337308
0.212746455294996 0.272871934883314 0.306814176934836 0.207567432886854
0.0950988711907476 0.235095934253285 0.290981904894225 0.378823289661742
0.258141800417868 0.302102730259143 0.156408962957718 0.283346506365271
0.247125343876088 0.235526784782511 0.331839936019851 0.185507935321549
0.207092975945602 0.317316742264831 0.166239777701411 0.309350504088156
0.230365904207601 0.306592966240697 0.182439326442764 0.280601803108938
0.230623194121421 0.227929347290389 0.213909647913204 0.327537810674986
0.201847624454079 0.36978050160397 0.22852900839561 0.199842865546342
0.351107897840312 0.22967682988958 0.320735077927571 0.0984801943425358
0.267287742021451 0.376798139643807 0.123549686240651 0.232364432094092
0.347536010899725 0.269403684615758 0.180765627036741 0.202294677447776
0.27536962132808 0.308627903937669 0.226729426011328 0.189273048722923
0.32854447009294 0.233068804889531 0.273194377211763 0.165192347805766
0.307319339125829 0.31492860329398 0.265308416559773 0.112443641020418
0.264610326428139 0.159496347372842 0.364990899808824 0.210902426390195
0.290868261556085 0.37061847086263 0.157003988251041 0.181509279330244
0.181216555670743 0.151261865856638 0.494183233311066 0.173338345161553
0.236684609593038 0.391616928608668 0.116885864629256 0.254812597169038
0.203925352072441 0.345523725790486 0.201057442716737 0.249493479420336
0.228523395420575 0.274564839018717 0.222629988426494 0.274281777134215
0.417090089455601 0.221227934011084 0.132395312150516 0.229286664382799
0.298237502674979 0.262139190947475 0.191696810321868 0.247926496055679
0.21060618905059 0.26618188667103 0.22037764664065 0.302834277637729
0.1974428991445 0.347531387554906 0.245694191267645 0.209331522032949
0.26776294734926 0.337328118093838 0.2220511900236 0.172857744533303
0.255654164587316 0.236621734931938 0.186266354918169 0.321457745562578
